8.122610000000000594e-03 1.036960000000000104e+00 6.763529999999999542e-02 9.653914893617020535e-05
8.285060000000000341e-03 9.181030000000000024e-01 5.950210000000000221e-02 9.846978723404250285e-05
8.450759999999999869e-03 9.363409999999999789e-01 5.620639999999999664e-02 1.004391489361700020e-04
8.619780000000000497e-03 8.894069999999999476e-01 5.122430000000000039e-02 1.024480851063830063e-04
8.792170000000000193e-03 9.608389999999999986e-01 4.948829999999999896e-02 1.044970212765960034e-04
8.968020000000000158e-03 8.920700000000000296e-01 4.670529999999999821e-02 1.065868085106379959e-04
9.147380000000000094e-03 9.540699999999999736e-01 4.472809999999999980e-02 1.087187234042549946e-04
9.330319999999999586e-03 9.363089999999999469e-01 4.170739999999999864e-02 1.108927659574469995e-04
9.516929999999999834e-03 8.947019999999999973e-01 3.889360000000000039e-02 1.131106382978720021e-04
9.707270000000000482e-03 1.053779999999999939e+00 4.771990000000000259e-02 1.152055319148939997e-04
9.901409999999999378e-03 8.759179999999999744e-01 3.929110000000000241e-02 1.175097872340429982e-04
1.009939999999999970e-02 6.626049999999999995e-01 3.321260000000000184e-02 1.198599999999999942e-04
1.030140000000000049e-02 4.082580000000000098e-01 2.591670000000000085e-02 1.222570212765960096e-04
1.050749999999999948e-02 3.779500000000000082e-01 2.219080000000000011e-02 1.247021276595739923e-04
1.071760000000000074e-02 2.900340000000000140e-01 1.901589999999999878e-02 1.271961702127659942e-04
1.093200000000000074e-02 2.937549999999999883e-01 1.745910000000000170e-02 1.297399999999999877e-04
1.115060000000000009e-02 2.777540000000000009e-01 1.641509999999999844e-02 1.323348936170209945e-04
1.137359999999999934e-02 2.279950000000000032e-01 1.426419999999999945e-02 1.349817021276599957e-04
1.160109999999999961e-02 2.406419999999999948e-01 1.359140000000000001e-02 1.376812765957449909e-04
1.183309999999999917e-02 2.322859999999999925e-01 1.335100000000000002e-02 1.404348936170210017e-04
1.206980000000000032e-02 1.994680000000000064e-01 1.945289999999999866e-02 1.424395744680850091e-04
1.231119999999999957e-02 2.107779999999999931e-01 1.995540000000000161e-02 1.452880851063829959e-04
1.255739999999999981e-02 2.283540000000000014e-01 2.024470000000000089e-02 1.481940425531919926e-04
1.280850000000000044e-02 1.728480000000000016e-01 1.570179999999999840e-02 1.511578723404260127e-04
1.306470000000000027e-02 1.847330000000000083e-01 1.612339999999999954e-02 1.541808510638299962e-04
1.332599999999999930e-02 1.657609999999999917e-01 1.454109999999999951e-02 1.572646808510640083e-04
1.359250000000000042e-02 1.463700000000000001e-01 1.265529999999999954e-02 1.604097872340430110e-04
1.386440000000000068e-02 1.421040000000000081e-01 1.216670000000000078e-02 1.636178723404260120e-04
1.414170000000000010e-02 1.393929999999999891e-01 1.161120000000000034e-02 1.668906382978719921e-04
1.442449999999999982e-02 1.272800000000000042e-01 1.065080000000000020e-02 1.702280851063830112e-04
1.471300000000000038e-02 1.091860000000000053e-01 9.160969999999999183e-03 1.736327659574469985e-04
1.500720000000000005e-02 1.071040000000000048e-01 8.720969999999999764e-03 1.771055319148940135e-04
1.530740000000000052e-02 9.556219999999999992e-02 7.831420000000000395e-03 1.806476595744679935e-04
1.561350000000000064e-02 8.354780000000000539e-02 5.028020000000000232e-03 1.842604255319149902e-04
1.592580000000000037e-02 8.558739999999999404e-02 7.092460000000000084e-03 1.878948936170210114e-04
1.624429999999999971e-02 6.687490000000000101e-02 6.059929999999999831e-03 1.916527659574469920e-04
1.656919999999999921e-02 5.357340000000000019e-02 4.847759999999999569e-03 1.954859574468079965e-04
1.690060000000000173e-02 5.211389999999999773e-02 4.605429999999999767e-03 1.993957446808509982e-04
1.723859999999999976e-02 4.013280000000000319e-02 3.811319999999999986e-03 2.033834042553190127e-04
1.758339999999999903e-02 3.542859999999999759e-02 3.518900000000000153e-03 2.074510638297870130e-04
1.793499999999999955e-02 2.952319999999999944e-02 2.945179999999999933e-03 2.115999999999999934e-04
1.829369999999999954e-02 2.873929999999999887e-02 2.741899999999999806e-03 2.158323404255320052e-04
1.865959999999999841e-02 3.166700000000000070e-02 2.863140000000000129e-03 2.201489361702129994e-04
1.903279999999999902e-02 2.557320000000000079e-02 2.415590000000000011e-03 2.245519148936170003e-04
1.941350000000000020e-02 2.689619999999999858e-02 2.389819999999999965e-03 2.290429787234039914e-04
1.980169999999999847e-02 2.205400000000000069e-02 2.058009999999999874e-03 2.336238297872340105e-04
2.019779999999999839e-02 2.602080000000000018e-02 2.277340000000000093e-03 2.382961702127660113e-04
2.060170000000000057e-02 2.600730000000000056e-02 2.149959999999999805e-03 2.430621276595739907e-04
2.101379999999999915e-02 2.624840000000000159e-02 2.116600000000000165e-03 2.479234042553189895e-04
2.143400000000000166e-02 2.759429999999999869e-02 2.122020000000000069e-03 2.528817021276599884e-04
2.186269999999999880e-02 2.585950000000000054e-02 1.995869999999999849e-03 2.579395744680850248e-04
2.230000000000000038e-02 2.640040000000000095e-02 1.971940000000000151e-03 2.630982978723399876e-04
2.274599999999999886e-02 2.525020000000000042e-02 1.123110000000000080e-03 2.683599999999999853e-04
2.320090000000000000e-02 2.533650000000000138e-02 1.112209999999999978e-03 2.737272340425530009e-04
2.366489999999999913e-02 2.174070000000000169e-02 9.823799999999999286e-04 2.792021276595739801e-04
2.413819999999999855e-02 1.918059999999999904e-02 9.548570000000000365e-04 2.833331914893619978e-04
2.462100000000000052e-02 1.737139999999999865e-02 8.684979999999999914e-04 2.889995744680849883e-04
2.511340000000000100e-02 1.282890000000000072e-02 6.572019999999999598e-04 2.947795744680849770e-04
2.561570000000000166e-02 1.210390000000000077e-02 6.309549999999999924e-04 3.006753191489359880e-04
2.612799999999999845e-02 9.455420000000000838e-03 5.105129999999999824e-04 3.066889361702130213e-04
2.665050000000000058e-02 8.325849999999999224e-03 4.651060000000000155e-04 3.128225531914890166e-04
2.718349999999999933e-02 6.061150000000000392e-03 3.562640000000000164e-04 3.190791489361699822e-04
2.772720000000000046e-02 5.949460000000000165e-03 3.503199999999999934e-04 3.254604255319150071e-04
2.828179999999999930e-02 6.339789999999999662e-03 3.702940000000000159e-04 3.319697872340429744e-04
2.884739999999999874e-02 5.543170000000000042e-03 3.313529999999999969e-04 3.386089361702129732e-04
2.942430000000000045e-02 5.623989999999999718e-03 3.405939999999999987e-04 3.453812765957450250e-04
3.001279999999999920e-02 5.551239999999999820e-03 3.278889999999999908e-04 3.522889361702129913e-04
3.061310000000000073e-02 5.222000000000000079e-03 3.103070000000000090e-04 3.593348936170209828e-04
3.122530000000000097e-02 5.386420000000000270e-03 3.232339999999999888e-04 3.665212765957449751e-04
3.184979999999999756e-02 5.534749999999999739e-03 3.306140000000000164e-04 3.738519148936169973e-04
3.248680000000000317e-02 5.158349999999999914e-03 3.102649999999999983e-04 3.813289361702130249e-04
3.313660000000000216e-02 4.707979999999999630e-03 3.013269999999999968e-04 3.889553191489359763e-04
3.379929999999999740e-02 4.153760000000000265e-03 2.730389999999999857e-04 3.967344680851059811e-04
3.447530000000000039e-02 3.435419999999999793e-03 2.398599999999999973e-04 4.046693617021280176e-04
3.516480000000000300e-02 2.244190000000000074e-03 1.864330000000000089e-04 4.127625531914889847e-04
3.586809999999999998e-02 1.606800000000000025e-03 1.539529999999999946e-04 4.210178723404260073e-04
3.658549999999999996e-02 1.268880000000000008e-03 1.268890000000000111e-04 4.294382978723399976e-04
3.731720000000000176e-02 1.121969999999999912e-03 1.180759999999999991e-04 4.380255319148940022e-04
3.806350000000000011e-02 7.893680000000000358e-04 9.618379999999999888e-05 4.467872340425530007e-04
3.882479999999999959e-02 7.427259999999999765e-04 9.227650000000000327e-05 4.557234042553189989e-04
3.960129999999999900e-02 8.352910000000000499e-04 9.853250000000000571e-05 4.648382978723399907e-04
4.039330000000000004e-02 8.500959999999999463e-04 1.002270000000000011e-04 4.741361702127659759e-04
4.120120000000000032e-02 9.328049999999999840e-04 1.070390000000000030e-04 4.836170212765959786e-04
4.202519999999999867e-02 9.567150000000000177e-04 1.053369999999999979e-04 4.932893617021280467e-04
4.286569999999999964e-02 5.743630000000000436e-04 8.999019999999999773e-05 5.031574468085110415e-04
4.372299999999999798e-02 7.486300000000000203e-04 9.213689999999999532e-05 5.132170212765959933e-04
4.459749999999999825e-02 3.227869999999999980e-04 7.732619999999999836e-05 5.234808510638299739e-04
4.548939999999999928e-02 2.555139999999999799e-04 2.587150000000000124e-05 5.339531914893620073e-04
4.639920000000000155e-02 1.758779999999999990e-04 2.269430000000000056e-05 5.446297872340429610e-04
4.732719999999999982e-02 7.036550000000000248e-05 1.968620000000000135e-05 5.552893617021280358e-04
4.827370000000000272e-02 4.602780000000000001e-05 1.077269999999999937e-05 5.666340425531910018e-04
4.923919999999999686e-02 1.824240000000000003e-05 1.496060000000000038e-05 5.777234042553190370e-04
5.022399999999999781e-02 5.534119999999999795e-05 5.075109999999999763e-06 5.892808510638299470e-04
5.122850000000000320e-02 6.859310000000000569e-05 5.913510000000000070e-06 6.010638297872340297e-04
5.225309999999999677e-02 1.022380000000000061e-04 7.388029999999999803e-06 6.130851063829790074e-04
5.329810000000000103e-02 9.979460000000000164e-05 7.175330000000000129e-06 6.253489361702130366e-04
5.436409999999999854e-02 1.241430000000000072e-04 8.055019999999999663e-06 6.378553191489360090e-04
5.545139999999999791e-02 9.275810000000000218e-05 6.815270000000000225e-06 6.506127659574469481e-04
5.656039999999999679e-02 8.381809999999999630e-05 6.315320000000000040e-06 6.636255319148940107e-04
5.769160000000000260e-02 6.779439999999999588e-05 5.501240000000000204e-06 6.768978723404250279e-04
5.884539999999999910e-02 4.764899999999999729e-05 4.179100000000000357e-06 6.904340425531909752e-04
6.002230000000000065e-02 3.153840000000000284e-05 3.687609999999999918e-06 7.042425531914890333e-04
6.122280000000000083e-02 3.633249999999999815e-05 3.937619999999999918e-06 7.183276595744680091e-04
6.244720000000000132e-02 7.133490000000000035e-05 5.436839999999999601e-06 7.326936170212759508e-04
6.369619999999999449e-02 1.006439999999999939e-04 6.806440000000000007e-06 7.473489361702129663e-04
6.497010000000000285e-02 1.201139999999999955e-04 8.030339999999999419e-06 7.622936170212769955e-04
6.626949999999999508e-02 1.268809999999999936e-04 8.114680000000000715e-06 7.775404255319150019e-04
6.759489999999999943e-02 1.052449999999999995e-04 7.054440000000000004e-06 7.930936170212769852e-04
6.894680000000000253e-02 6.791959999999999935e-05 5.371059999999999868e-06 8.089531914893619696e-04
7.032570000000000487e-02 5.817970000000000135e-05 4.758690000000000004e-06 8.251319148936170269e-04
7.173219999999999597e-02 5.591740000000000100e-05 4.593220000000000045e-06 8.416340425531909641e-04
7.316690000000000693e-02 6.758959999999999404e-05 5.159690000000000061e-06 8.584680851063830219e-04
7.463019999999999377e-02 8.268229999999999948e-05 5.535410000000000251e-06 8.756382978723399471e-04
7.612280000000000435e-02 8.569390000000000297e-05 5.577199999999999728e-06 8.931489361702130408e-04
7.764530000000000043e-02 6.474290000000000654e-05 4.915329999999999744e-06 9.110127659574469893e-04
7.919819999999999638e-02 5.369349999999999676e-05 4.216620000000000127e-06 9.292340425531910334e-04
8.078219999999999845e-02 3.256370000000000130e-05 3.296769999999999947e-06 9.478170212765960403e-04
8.239779999999999327e-02 2.757049999999999971e-05 3.071719999999999874e-06 9.667744680851060460e-04
8.404580000000000384e-02 3.584979999999999683e-05 3.283860000000000184e-06 9.861106382978719175e-04
8.572670000000000290e-02 3.237969999999999764e-05 3.535499999999999862e-06 1.005834042553190076e-03
8.744119999999999671e-02 2.629109999999999973e-05 3.042769999999999922e-06 1.025948936170209980e-03
8.919000000000000539e-02 2.009139999999999876e-05 1.449790000000000014e-06 1.046468085106379894e-03
9.097379999999999356e-02 1.059630000000000051e-05 1.152529999999999958e-06 1.067395744680850033e-03
9.279329999999999523e-02 7.668460000000000098e-06 1.154720000000000059e-06 1.088744680851059989e-03
9.464920000000000277e-02 9.616700000000000608e-06 9.402620000000000322e-07 1.110519148936169953e-03
9.654219999999999469e-02 1.660139999999999999e-05 1.365219999999999992e-06 1.137468085106380046e-03
9.847300000000000497e-02 1.106179999999999970e-05 1.152889999999999943e-06 1.160217021276599902e-03
1.004420000000000035e-01 8.024860000000000616e-06 7.245679999999999803e-07 1.183421276595740057e-03
1.024510000000000004e-01 4.876130000000000187e-06 5.353339999999999681e-07 1.207089361702130001e-03
1.044999999999999957e-01 4.923539999999999789e-06 5.610519999999999605e-07 1.231234042553190026e-03
1.065900000000000042e-01 6.961550000000000289e-06 6.040649999999999500e-07 1.255859574468090080e-03
1.087219999999999992e-01 1.002310000000000065e-05 7.493680000000000435e-07 1.280974468085109997e-03
1.108969999999999956e-01 8.189680000000000844e-06 6.647459999999999625e-07 1.306595744680849993e-03
1.131149999999999933e-01 4.171080000000000051e-06 5.127200000000000013e-07 1.332727659574470041e-03
1.153769999999999935e-01 3.847420000000000341e-06 4.850580000000000279e-07 1.359382978723399976e-03
1.176839999999999969e-01 7.425900000000000340e-06 5.952469999999999567e-07 1.386570212765959962e-03
1.200380000000000058e-01 5.519160000000000195e-06 5.924880000000000310e-07 1.414302127659570075e-03
1.224390000000000062e-01 4.234290000000000417e-06 4.942079999999999742e-07 1.442587234042550046e-03
1.248879999999999990e-01 2.199630000000000063e-06 3.828020000000000154e-07 1.471438297872339901e-03
1.273849999999999982e-01 2.813329999999999795e-06 4.197559999999999902e-07 1.500868085106380097e-03
1.299329999999999929e-01 3.631349999999999969e-06 4.731219999999999931e-07 1.530885106382979957e-03
1.325320000000000109e-01 2.501539999999999939e-06 3.614299999999999747e-07 1.561502127659569967e-03
1.351819999999999966e-01 1.581199999999999997e-06 3.268890000000000097e-07 1.592731914893620072e-03
1.378860000000000086e-01 1.465269999999999991e-06 3.422150000000000240e-07 1.624587234042549917e-03
1.406439999999999912e-01 2.225519999999999827e-06 3.724099999999999843e-07 1.657076595744680098e-03
1.434570000000000012e-01 1.609680000000000104e-06 3.623980000000000135e-07 1.690221276595740016e-03
1.463260000000000116e-01 1.352229999999999926e-06 3.550669999999999858e-07 1.724025531914890079e-03
1.492519999999999958e-01 2.162619999999999972e-06 3.402039999999999936e-07 1.758506382978720093e-03
1.522370000000000112e-01 2.921359999999999843e-06 4.012400000000000115e-07 1.793672340425530058e-03
1.552820000000000034e-01 2.316229999999999929e-06 3.387579999999999951e-07 1.829548936170209998e-03
1.583880000000000010e-01 1.398500000000000036e-06 3.954259999999999834e-07 1.866140425531909912e-03
1.615550000000000042e-01 1.821909999999999934e-06 3.613780000000000216e-07 1.903459574468080017e-03
1.647859999999999880e-01 1.673120000000000042e-06 3.118820000000000130e-07 1.941531914893620094e-03
1.680820000000000092e-01 1.145679999999999973e-06 3.464269999999999825e-07 1.980361702127660193e-03
1.714440000000000131e-01 6.829900000000000033e-07 3.387260000000000117e-07 2.019970212765960071e-03
1.748730000000000007e-01 1.211789999999999921e-06 2.896439999999999961e-07 2.060365957446809969e-03
1.783700000000000008e-01 3.295130000000000205e-07 1.500739999999999977e-07 2.101574468085109886e-03
1.819379999999999886e-01 3.409209999999999860e-07 1.602209999999999892e-07 2.143608510638299845e-03
1.855759999999999910e-01 2.820520000000000166e-07 1.450549999999999976e-07 2.186480851063829847e-03
1.892880000000000118e-01 3.132809999999999847e-07 1.606040000000000000e-07 2.224770212765959845e-03
1.930739999999999956e-01 4.148680000000000062e-07 1.500519999999999992e-07 2.269263829787229909e-03
1.969349999999999989e-01 4.730190000000000086e-07 9.868580000000000347e-08 2.314651063829790013e-03
2.008739999999999970e-01 4.176139999999999966e-07 9.848750000000000096e-08 2.360944680851059796e-03
2.048909999999999898e-01 6.040020000000000109e-07 9.793510000000000191e-08 2.408161702127660075e-03
2.089890000000000081e-01 7.220549999999999630e-07 9.607699999999999403e-08 2.456327659574470031e-03
2.131689999999999974e-01 5.108910000000000185e-07 8.860620000000000366e-08 2.505451063829790097e-03
2.174319999999999864e-01 5.098750000000000311e-07 8.750600000000000284e-08 2.555561702127659863e-03
2.217810000000000059e-01 3.815719999999999971e-07 8.013610000000000248e-08 2.606672340425530195e-03
2.262170000000000014e-01 3.158699999999999823e-07 8.606819999999999774e-08 2.658804255319149792e-03
2.307410000000000017e-01 2.364869999999999920e-07 7.480299999999999822e-08 2.711982978723400002e-03
2.353560000000000096e-01 1.960299999999999891e-07 7.075990000000000088e-08 2.766221276595739933e-03
2.400629999999999986e-01 6.742780000000000243e-08 8.301729999999999786e-08 2.821544680851060041e-03
2.448639999999999983e-01 1.340809999999999947e-07 8.001330000000000617e-08 2.877978723404259892e-03
2.497610000000000108e-01 1.889080000000000131e-07 8.176690000000000143e-08 2.935536170212769969e-03
2.547570000000000112e-01 2.405020000000000184e-07 8.930749999999999419e-08 2.994246808510639835e-03
2.598520000000000274e-01 1.469270000000000027e-07 7.426039999999999970e-08 3.054131914893619924e-03
2.650489999999999791e-01 9.423059999999999677e-08 8.291959999999999560e-08 3.115217021276599826e-03
2.703499999999999792e-01 2.314009999999999953e-07 7.631019999999999731e-08 3.177519148936169997e-03
2.757569999999999744e-01 2.157809999999999918e-07 6.993789999999999524e-08 3.241068085106380003e-03
2.812720000000000220e-01 1.111809999999999948e-07 6.654330000000000533e-08 3.305889361702129842e-03
2.868970000000000131e-01 6.939779999999999955e-08 6.918930000000000136e-08 3.372008510638299997e-03
2.926349999999999785e-01 7.601410000000000037e-08 6.688790000000000432e-08 3.439451063829790031e-03
2.984879999999999756e-01 4.710780000000000311e-08 6.842760000000000057e-08 3.508238297872339970e-03
3.044580000000000064e-01 7.660389999999999683e-08 6.766860000000000019e-08 3.578404255319149810e-03
3.105470000000000175e-01 1.524340000000000003e-07 6.807189999999999692e-08 3.649970212765960009e-03
3.167579999999999840e-01 8.677459999999999935e-08 6.367890000000000517e-08 3.722970212765960157e-03
3.230930000000000191e-01 2.178309999999999936e-08 6.783319999999999360e-08 3.797429787234039844e-03
3.295549999999999868e-01 -7.628010000000000421e-09 6.542209999999999394e-08 3.873378723404259909e-03
3.361460000000000004e-01 1.652619999999999879e-07 6.198719999999999539e-08 3.950846808510640427e-03
3.428689999999999793e-01 8.999089999999999620e-08 6.366490000000000253e-08 4.029863829787230095e-03
3.497259999999999813e-01 2.312619999999999899e-08 6.496210000000000173e-08 4.110459574468080211e-03
3.567210000000000103e-01 -2.742860000000000184e-09 6.585740000000000049e-08 4.192668085106380366e-03
3.638549999999999840e-01 6.825229999999999767e-08 6.588270000000000535e-08 4.276510638297870148e-03
3.711320000000000174e-01 2.521740000000000186e-07 5.616889999999999946e-08 4.362042553191490014e-03
3.785549999999999748e-01 4.169599999999999829e-08 6.102709999999999991e-08 4.449276595744680422e-03
