1.562444713155738962e-02 7.510156384485315861e-01 6.756472739220857615e-02 1.357294464519014608e-03
1.585190755817264541e-02 8.810531098267024852e-01 7.476028816160501522e-02 1.377184329268250950e-03
1.608289370715281288e-02 8.399465126383532931e-01 6.525809675625236783e-02 1.397380498229402112e-03
1.631745695367841503e-02 7.114703097327109704e-01 4.880647283418277499e-02 1.417887465464621327e-03
1.655564946853196190e-02 8.602877560973130056e-01 6.278628907934012682e-02 1.438709794635019716e-03
1.679752422970174144e-02 7.905566438798932172e-01 5.479945868084217658e-02 1.459852120036007807e-03
1.704313503416507447e-02 8.233727341011796153e-01 5.753681027624362593e-02 1.481319147649744466e-03
1.729253650985379184e-02 8.025564009594878812e-01 5.506680274278832193e-02 1.503115656214993549e-03
1.754578412780449792e-02 7.486742779985500196e-01 4.918505154647327682e-02 1.525246498314703370e-03
1.780293421449634025e-02 6.831405509532217923e-01 4.353997643854592287e-02 1.547716601481582402e-03
1.806404396437904028e-02 5.350617133209100151e-01 3.168742581489393528e-02 1.570530969322022057e-03
1.832917145259398833e-02 5.472594054979376121e-01 3.246639719208833236e-02 1.593694682658664289e-03
1.859837564789120629e-02 4.653154108647201137e-01 2.625634581683611996e-02 1.617212900691953129e-03
1.887171642574504704e-02 3.915743268010548617e-01 2.048063389885250440e-02 1.641090862181015381e-03
1.914925458167159728e-02 3.050672775848508600e-01 1.532352416596047782e-02 1.665333886644204632e-03
1.943105184475063529e-02 2.143568664166297932e-01 1.020656716629600620e-02 1.689947375579671117e-03
1.971717089135531856e-02 1.650230357110714086e-01 7.987764028002398639e-03 1.714936813706328250e-03
2.000767535909250827e-02 1.304161199567714646e-01 6.447818792908314653e-03 1.740307770225578378e-03
2.030262986095686048e-02 8.719338120523353886e-02 4.449852519214132426e-03 1.766065900104189790e-03
2.060209999970191719e-02 5.316752597872747427e-02 3.066749978277550671e-03 1.792216945378716621e-03
2.090615238243131307e-02 3.779020949363746940e-02 2.240320869396360097e-03 1.818766736481867334e-03
2.121485463541332786e-02 3.275902327586534962e-02 2.064091929515630801e-03 1.845721193591232275e-03
2.152827541912214274e-02 3.208321341468960142e-02 1.884884865260852416e-03 1.873086328000796597e-03
2.184648444350914542e-02 3.744132082316987964e-02 2.072966908993663197e-03 1.900868243515685266e-03
2.216955248350758675e-02 5.194426024910715756e-02 2.566672524403196091e-03 1.929073137870570978e-03
2.249755139477418314e-02 5.795304797894772209e-02 2.609021234215848535e-03 1.957707304172223370e-03
2.283055412967101641e-02 6.849124126236229293e-02 2.833927348825118070e-03 1.986777132366664839e-03
2.316863475349140167e-02 6.999149884447648795e-02 2.778057835284329560e-03 2.016289110731402882e-03
2.351186846093323776e-02 6.539658898030957512e-02 2.527039171038995922e-03 2.046249827393284947e-03
2.386033159282367061e-02 6.263545454173610749e-02 2.349364056874104004e-03 2.076665971872434634e-03
2.421410165309850065e-02 6.706771287908039336e-02 2.504886290722432244e-03 2.107544336652822630e-03
2.457325732604042495e-02 6.233151212157682364e-02 2.301154110670899228e-03 2.138891818780029423e-03
2.493787849377974292e-02 5.872342685598101741e-02 2.159027799666800220e-03 2.170715421486725874e-03
2.530804625406146702e-02 5.088422686387389371e-02 1.931613793622616185e-03 2.203022255846467936e-03
2.568384293828288728e-02 4.163640798766680279e-02 1.610000165250299008e-03 2.235819542456391872e-03
2.606535212980538863e-02 3.349647954752413281e-02 1.342613144802268363e-03 2.269114613149403673e-03
2.645265868254484745e-02 2.480357856582620507e-02 1.093596967783021972e-03 2.302914912736521002e-03
2.684584873984455222e-02 1.997002809374720869e-02 9.573109683256543143e-04 2.337228000779958785e-03
2.724500975363492589e-02 1.386470672667794966e-02 7.480385539791604196e-04 2.372061553397683976e-03
2.765023050388430020e-02 1.045224836606020898e-02 6.211492460942567200e-04 2.407423365100062277e-03
2.806160111834506143e-02 5.959207779071693661e-03 4.371202212488638911e-04 2.443321350659346646e-03
2.847921309259959441e-02 4.777375023863036051e-03 3.867999451061256383e-04 2.479763547012702341e-03
2.890315931041037567e-02 4.681738853077171796e-03 3.767176781721060289e-04 2.516758115199525716e-03
2.933353406437892025e-02 5.093298786057786146e-03 3.883945429827923772e-04 2.554313342333827848e-03
2.977043307691803337e-02 6.346929883924053162e-03 4.306373806774548810e-04 2.592437643612476635e-03
3.021395352154198841e-02 8.204069862837415697e-03 4.786405361582135956e-04 2.631139564360098805e-03
3.066419404447963404e-02 1.036623734368863868e-02 5.365500661229153073e-04 2.670427782111516567e-03
3.112125478661489225e-02 1.131287065462717283e-02 5.446634311090606945e-04 2.710311108732557650e-03
3.158523740575975430e-02 1.346916273234352417e-02 5.970872370510872532e-04 2.750798492580157698e-03
3.205624509926473242e-02 1.458862557037967321e-02 6.021682644691919196e-04 2.791899020702668342e-03
3.253438262697156552e-02 1.453359537807239962e-02 5.833169507223890087e-04 2.833621921081333310e-03
3.301975633451356695e-02 1.514811023000054400e-02 5.991434901755766755e-04 2.875976564913932613e-03
3.351247417696872483e-02 1.341584086722907680e-02 5.384426524732755827e-04 2.918972468941585796e-03
3.401264574287064801e-02 1.264003113344659701e-02 5.049339733299147660e-04 2.962619297819796271e-03
3.452038227858281877e-02 1.168347508147041074e-02 4.896821008092039395e-04 3.006926866534804892e-03
3.503579671304173776e-02 9.679030889063328091e-03 4.242229435960462747e-04 3.051905142866398121e-03
3.555900368287408242e-02 7.799116308407469736e-03 3.665091527851667853e-04 3.097564249898306608e-03
3.609011955789383913e-02 5.855328516320363122e-03 3.105648933122311973e-04 3.143914468577431020e-03
3.662926246698483546e-02 4.955105682070783113e-03 2.839849084609556425e-04 3.190966240323098602e-03
3.717655232437460516e-02 3.431123568898070911e-03 2.251824521942198535e-04 3.238730169687671027e-03
3.773211085630524819e-02 2.144741407990750914e-03 1.720525181472950475e-04 3.287217027069810633e-03
3.829606162810738484e-02 1.930501579606453376e-03 1.620415002193692109e-04 3.336437751481793283e-03
3.886853007168305368e-02 1.650572200918407235e-03 1.481530208594381080e-04 3.386403453372277723e-03
3.944964351340395081e-02 1.805706697030641126e-03 1.563083540696426322e-04 3.437125417506025921e-03
4.003953120243081837e-02 2.033844540452577586e-03 1.621210306665517515e-04 3.488615105902091815e-03
4.063832433946056727e-02 2.624937490404759266e-03 1.816889693417162149e-04 3.540884160832018929e-03
4.124615610590762899e-02 2.877960756420151062e-03 1.814850763890595757e-04 3.593944407879782858e-03
4.186316169352547606e-02 3.685404142889406667e-03 2.055769982733049060e-04 3.647807859065037295e-03
4.248947833447567352e-02 3.841249796949249354e-03 2.091159635102149785e-04 3.702486716031551384e-03
4.312524533185044251e-02 4.025187141199652180e-03 2.144090510151591515e-04 3.757993373302561443e-03
4.377060409065608448e-02 3.644134386669054676e-03 2.002921655891089659e-04 3.814340421604963446e-03
4.442569814926366351e-02 3.229774107015481472e-03 1.849083869880739769e-04 3.871540651264313449e-03
4.509067321133435752e-02 3.154211276075380953e-03 1.807093231509961768e-04 3.929607055672622654e-03
4.576567717822634107e-02 2.611836953332990000e-03 1.652880926265747931e-04 3.988552834831083846e-03
4.645086018189046456e-02 1.798744333660552220e-03 1.308342450978511957e-04 4.048391398969885917e-03
4.714637461826211295e-02 1.541557925698453478e-03 1.194102248844046605e-04 4.109136372247396314e-03
4.785237518115652983e-02 1.094061639426133258e-03 1.006320376069642361e-04 4.170801596531032059e-03
4.856901889667522565e-02 6.765509084236937367e-04 7.790972789657331344e-05 4.233401135262271353e-03
4.929646515813123492e-02 6.818676496763652860e-04 7.846531038974247454e-05 4.296949277408328507e-03
5.003487576150076471e-02 6.067416298499937180e-04 7.205509163943415996e-05 4.361460541503099468e-03
5.078441494140931850e-02 8.046982479129858885e-04 8.283837344566090562e-05 4.426949679780128356e-03
5.154524940766010838e-02 8.306815601130754928e-04 8.346389213618268809e-05 4.493431682400360165e-03
5.231754838231311017e-02 1.169245869069128257e-03 1.004494166338959081e-04 4.560921781777697165e-03
5.310148363732278276e-02 1.011236796850301448e-03 9.469727017979675306e-05 4.629435457005322795e-03
5.389722953274304895e-02 1.466295439903522518e-03 1.115204327507792788e-04 4.698988438386012684e-03
5.470496305550771182e-02 1.316879328343458725e-03 1.040525015289069723e-04 4.769596712069679341e-03
5.552486385879536190e-02 1.111332370326298955e-03 9.617350547818414642e-05 4.841276524801602608e-03
5.635711430198717120e-02 1.029953775577446568e-03 9.228786672624583363e-05 4.914044388784858698e-03
5.720189949122655299e-02 9.654250138357295527e-04 8.992106237250940121e-05 4.987917086660647974e-03
5.805940732058985365e-02 6.596730060693156749e-04 7.468158719243853788e-05 5.062911676610358687e-03
5.892982851387710413e-02 5.503638887721108144e-04 6.868075433381666940e-05 5.139045497583328778e-03
5.981335666703208737e-02 4.633778435858978105e-04 6.250157825344925054e-05 5.216336174654476014e-03
6.071018829120120724e-02 3.684824487773214028e-04 5.744356248424825764e-05 5.294801624516049139e-03
6.162052285644092214e-02 3.027865010956547545e-04 5.293786910735612906e-05 5.374460061108035473e-03
6.254456283608300637e-02 3.230785145634112207e-04 5.495551609509038830e-05 5.455330001391821976e-03
6.348251375176802713e-02 3.907380242135164577e-04 6.157566174712963340e-05 5.537430271271967866e-03
6.443458421915673751e-02 3.978084449731038655e-04 6.116828572979627655e-05 5.620780011671152460e-03
6.540098599432962734e-02 5.990364207190395241e-04 7.514092888247006215e-05 5.705398684763446880e-03
6.638193402088485295e-02 4.852083988611269544e-04 6.658951822705379438e-05 5.791306080371448617e-03
6.737764647774532878e-02 3.210473813456408607e-04 5.326034985965996183e-05 5.878522322532879485e-03
6.838834482768521572e-02 4.287547672529738773e-04 6.506848909593366962e-05 5.967067876242537240e-03
6.941425386658696406e-02 3.634259022581263500e-04 6.260168658235685125e-05 6.056963554375779935e-03
7.045560177343952735e-02 2.761764375789497387e-04 5.619013326505880099e-05 6.148230524799860007e-03
7.151262016108916875e-02 2.313012091780084379e-04 5.331034164560085757e-05 6.240890317679759908e-03
7.258554412775387876e-02 1.525976277248831709e-04 4.183196052364018531e-05 6.334964832985468149e-03
7.367461230931320049e-02 2.873922620138067308e-04 6.017511295580470221e-05 6.430476348207828097e-03
7.478006693238460623e-02 1.189884807711132889e-04 3.979388204762059484e-05 6.527447526290476934e-03
7.590215386819879062e-02 1.549717379142490775e-04 4.173308866744016569e-05 6.625901423785630732e-03
7.704112268728544044e-02 2.572627061171834598e-04 5.641283552370151682e-05 6.725861499241845426e-03
7.819722671498174904e-02 2.016107038824332585e-04 5.117514826791518830e-05 6.827351621832141934e-03
7.937072308777620711e-02 1.132615222298312635e-04 3.880323665502234838e-05 6.930396080231324314e-03
8.056187281049996540e-02 1.183919519548398653e-04 3.787102219227585963e-05 7.035019591751576554e-03
8.177094081437848161e-02 1.345530147148138239e-04 4.027613769866880434e-05 7.141247311745878984e-03
8.299819601595669061e-02 8.268475155109515737e-05 3.326926397508738370e-05 7.249104843289143514e-03
8.424391137691049358e-02 6.985132278319227056e-05 2.700419484479265860e-05 7.358618247147364136e-03
8.550836396475773593e-02 1.643307621665472619e-04 4.673359773750093596e-05 7.469814052045479005e-03
8.679183501448266280e-02 2.018966593988289892e-04 5.464962727469555617e-05 7.582719265245203323e-03
8.809460999108720269e-02 8.391667306022749357e-05 2.957426910863972510e-05 7.697361383444380201e-03
8.941697865308313731e-02 9.101520190776632598e-05 3.096211917936402913e-05 7.813768404009964821e-03
9.075923511693888279e-02 1.081006548566809108e-04 3.830558463767588372e-05 7.931968836557277622e-03
9.212167792249618958e-02 9.118634422170645421e-05 3.670355106114464339e-05 8.051991714888651411e-03
9.350461009936995860e-02 7.442048536617971131e-05 3.522058138862991150e-05 8.173866609305070058e-03
9.490833923434717490e-02 5.455743002103567957e-05 3.032516147020405107e-05 8.297623639305104146e-03
9.633317753979928066e-02 6.188346313874889951e-05 3.084130090606898101e-05 8.423293486685887871e-03
9.777944192312311433e-02 8.452083354590140716e-05 3.799435918942873849e-05 8.550907409061551945e-03
9.924745405722662506e-02 5.572107285799408308e-05 3.000358008433056344e-05 8.680497253815252362e-03
1.007375404520739065e-01 1.133366939460271069e-04 4.652299649283802001e-05 8.812095472501307869e-03
1.022500325273065364e-01 2.308042445866013398e-05 2.173169765127956309e-05 8.945735135715044903e-03
1.037852666859567508e-01 4.364827602471618544e-05 3.087971891913820344e-05 9.081449948448300918e-03
1.053435843892688295e-01 5.009203413470616410e-05 3.483777233608482867e-05 9.219274265949511937e-03
1.085308620227380672e-01 2.636302164514497086e-05 2.636818321652142111e-05 9.501392186382254246e-03
1.101605308556906776e-01 9.745700877015807406e-05 4.849255583944585708e-05 9.645757901295648820e-03
1.118147011965674731e-01 4.847377071621463226e-05 2.994157387199549702e-05 9.792377380517776689e-03
1.134937409599695163e-01 1.676810752956738124e-04 6.878373155336845563e-05 9.941288487558512174e-03
1.151980235918648454e-01 4.848387549404132115e-05 3.570136066282213346e-05 1.009252984309610621e-02
