1.559057680293983277e-02 7.713106724704804629e-01 6.927925050091003623e-02 1.354973263527341210e-03
1.581752831044011195e-02 8.287696093665828379e-01 7.053964689773366270e-02 1.374828487279273603e-03
1.604799789380097208e-02 8.623555682574413073e-01 6.689854609311629563e-02 1.394989491432092627e-03
1.628203681331010649e-02 7.167198597313069186e-01 4.913442616348430436e-02 1.415460762190734467e-03
1.651969712313094280e-02 8.450382333517119093e-01 6.172119654908055780e-02 1.436246855239432189e-03
1.676103168288047007e-02 7.983787796164786288e-01 5.531480229277464106e-02 1.457352396775151446e-03
1.700609416938621624e-02 8.503438661232580742e-01 5.932867390715167166e-02 1.478782084558118420e-03
1.725493908862497233e-02 8.411377472254455423e-01 5.760069290006263748e-02 1.500540688979715587e-03
1.750762178784591450e-02 7.745428823048831068e-01 5.080616889902146716e-02 1.522633054148062786e-03
1.776419846788087828e-02 7.023308838443904634e-01 4.469756900567499469e-02 1.545064098991570656e-03
1.802472619564441519e-02 5.627182241631170090e-01 3.323614203134980793e-02 1.567838818380794556e-03
1.828926291682653540e-02 6.225545966832178868e-01 3.669446621281324122e-02 1.590962284268911163e-03
1.855786746878087395e-02 5.734129576697897246e-01 3.195196671400552663e-02 1.614439646851128932e-03
1.883059959361116711e-02 4.451865686962787616e-01 2.306392799665209214e-02 1.638276135743402121e-03
1.910751995145897400e-02 3.748274563934520520e-01 1.849470860786435467e-02 1.662477061180760206e-03
1.938869013399556473e-02 2.691268440194969913e-01 1.246301528674718766e-02 1.687047815235632802e-03
1.967417267812100398e-02 2.312343585821245995e-01 1.064996045439503894e-02 1.711993873056524623e-03
1.996403107987346562e-02 1.769116058173142991e-01 8.273643515689054623e-03 1.737320794127412797e-03
2.025832980855186635e-02 1.186216183307915173e-01 5.624112449016534579e-03 1.763034223548253171e-03
2.055713432105494773e-02 8.765522746911719176e-02 4.386226045262441378e-03 1.789139893336982650e-03
2.086051107644008168e-02 4.756358107418518638e-02 2.607662687304726327e-03 1.815643623753433267e-03
2.116852755070486314e-02 4.140817999853575043e-02 2.396814026217605927e-03 1.842551324645552192e-03
2.148125225179497999e-02 3.266880754171932327e-02 1.908327260248246591e-03 1.869868996818368307e-03
2.179875473484155918e-02 3.511622372647092011e-02 1.998315796434977070e-03 1.897602733426141403e-03
2.212110561763141331e-02 4.319284677967642067e-02 2.278052271992813717e-03 1.925758721388122052e-03
2.244837659631367457e-02 4.503285681272885949e-02 2.207245771977274246e-03 1.954343242828407434e-03
2.278064046134621254e-02 5.675210439428437365e-02 2.488706413085295388e-03 1.983362676540351751e-03
2.311797111368552385e-02 5.991402552160154243e-02 2.487325444480576776e-03 2.012823499476001747e-03
2.346044358122349391e-02 6.594008863816031019e-02 2.532279433934950166e-03 2.042732288261100981e-03
2.380813403547498569e-02 6.530517102822781805e-02 2.418629620676606296e-03 2.073095720736116681e-03
2.416111980851956900e-02 7.543495099087897671e-02 2.724014094223440111e-03 2.103920577523849932e-03
2.451947941020156049e-02 7.155039076328637004e-02 2.526463310008260008e-03 2.135213743624183019e-03
2.488329254559190976e-02 6.720494919219585639e-02 2.357547082229044088e-03 2.166982210036472612e-03
2.525264013271594915e-02 6.726175120675789709e-02 2.332478020315944481e-03 2.199233075410210285e-03
2.562760432055095558e-02 5.576676404563469386e-02 1.956763605405858076e-03 2.231973547724511089e-03
2.600826850729744469e-02 4.592879547427877046e-02 1.638733043545471122e-03 2.265210945997040825e-03
2.639471735892833307e-02 4.150286772393484841e-02 1.506925420324374152e-03 2.298952702023018650e-03
2.678703682802008670e-02 3.179069239960376908e-02 1.265440665908389032e-03 2.333206362144908674e-03
2.718531417286999818e-02 2.324958266511044369e-02 1.005517548247944915e-03 2.367979589053497477e-03
2.758963797690391212e-02 1.819955933987052465e-02 8.478981764368832569e-04 2.403280163621005026e-03
2.800009816837863846e-02 1.190569370892323973e-02 6.332797415352990318e-04 2.439115986766954985e-03
2.841678604038353623e-02 9.973417643137368060e-03 5.732108969291040091e-04 2.475495081357507402e-03
2.883979427114555585e-02 6.033098233229709610e-03 4.289469004623425305e-04 2.512425594139008813e-03
2.926921694464248644e-02 4.194806396160681225e-03 3.456333074149351174e-04 2.549915797706529558e-03
2.970514957152880706e-02 3.903005898868098632e-03 3.314380165126392720e-04 2.587974092508170659e-03
3.014768911037875310e-02 4.417235192326142250e-03 3.440872662245616836e-04 2.626609008885950371e-03
3.059693398925163177e-02 4.892670564171884562e-03 3.598069410075897248e-04 2.665829209154139089e-03
3.105298412758376175e-02 5.917271823854276455e-03 3.827692388173023941e-04 2.705643489715870917e-03
3.151594095841227933e-02 7.869032711169251723e-03 4.420067869500650588e-04 2.746060783218963464e-03
3.198590745093551208e-02 8.827786744129125299e-03 4.536805247976350157e-04 2.787090160751844441e-03
3.246298813341501333e-02 1.017679469893479662e-02 4.775230718139664371e-04 2.828740834080543508e-03
3.294728911642440250e-02 1.135737220994065093e-02 5.077578766153874410e-04 2.871022157927762431e-03
3.343891811645009760e-02 1.114774432952517387e-02 4.850469351885643285e-04 2.913943632294982433e-03
3.393798447984930355e-02 1.147265904563805027e-02 4.794123656170525536e-04 2.957514904828721994e-03
3.444459920717032192e-02 1.042878490461016106e-02 4.565895376719784752e-04 3.001745773231985059e-03
3.495887497784104514e-02 9.516735330077831512e-03 4.194004119205292647e-04 3.046646187722043281e-03
3.548092617523066622e-02 8.549876425614522449e-03 3.855920045666085157e-04 3.092226253535709790e-03
3.601086891209040464e-02 7.384451839136633652e-03 3.526534799699681481e-04 3.138496233483291462e-03
3.654882105637892453e-02 5.599733363093419014e-03 3.016140479984860613e-04 3.185466550552467843e-03
3.709490225747812120e-02 4.375148897466592940e-03 2.530735484894435145e-04 3.233147790563381269e-03
3.764923397280511841e-02 2.947843391550194515e-03 2.024314053840993227e-04 3.281550704876254852e-03
3.821193949482638852e-02 2.253087963962990131e-03 1.758586839110673277e-04 3.330686213152912658e-03
3.878314397848001832e-02 1.613330258532373303e-03 1.470194894003291506e-04 3.380565406173622819e-03
3.936297446901225461e-02 1.308982539873882345e-03 1.317141848633195914e-04 3.431199548710732895e-03
3.995155993023444957e-02 1.192408933269308675e-03 1.235158277528714400e-04 3.482600082460624892e-03
4.054903127320674816e-02 1.399621087055820433e-03 1.324609912125093312e-04 3.534778629035531701e-03
4.115552138535482490e-02 1.620906861365822718e-03 1.352845473961644218e-04 3.587746993016907148e-03
4.177116516002628982e-02 1.793658150170663072e-03 1.392676732431466090e-04 3.641517165071966010e-03
4.239609952649314728e-02 2.333840481185089823e-03 1.610921367009135506e-04 3.696101325135209368e-03
4.303046348040713565e-02 2.775840451224746708e-03 1.757244199458350372e-04 3.751511845656703859e-03
4.367439811471462985e-02 2.936379068281555135e-03 1.775083632604308184e-04 3.807761294919000030e-03
4.432804665103810826e-02 3.030286560552728457e-03 1.782192053137593977e-04 3.864862440424679958e-03
4.499155447153085907e-02 2.713358482251391080e-03 1.672495460841973765e-04 3.922828252356479195e-03
4.566506915121245486e-02 2.551059851823449069e-03 1.624602142980208566e-04 3.981671907112151014e-03
4.634874049079189262e-02 2.314910999955786027e-03 1.482656544713966101e-04 4.041406790916198845e-03
4.704272054998565045e-02 1.822773556602685788e-03 1.291244765911326805e-04 4.102046503510736394e-03
4.774716368133831434e-02 1.383844477134562288e-03 1.132005884195671271e-04 4.163604861927826424e-03
4.846222656455310279e-02 1.106304158630965579e-03 1.016793830789868399e-04 4.226095904345725934e-03
4.918806824134003275e-02 8.899828970406112707e-04 9.071797657484282176e-05 4.289533894031511904e-03
4.992485015078934607e-02 5.272205017411529760e-04 6.815373130645565550e-05 4.353933323372757326e-03
5.067273616527831481e-02 4.885261481045230893e-04 6.438056825341334933e-05 4.419308918000942887e-03
5.143189262691909985e-02 5.191271701281886418e-04 6.494729108477844629e-05 4.485675641009386795e-03
5.220248838455587848e-02 5.757375951835641027e-04 6.827385060748957023e-05 4.553048697268675601e-03
5.298469483131976882e-02 6.867202237067365506e-04 7.709281744588851253e-05 4.621443537842591896e-03
5.377868594274935743e-02 1.030389990128707800e-03 9.350462849045549773e-05 4.690875864507689993e-03
5.458463831548573258e-02 1.053286447322603287e-03 9.312631523467991481e-05 4.761361634379822523e-03
5.540273120655053035e-02 1.150444958099278549e-03 9.848221807942174582e-05 4.832917064650977222e-03
5.623314657321558385e-02 1.083919472696817047e-03 9.537675053830475358e-05 4.905558637439995720e-03
5.707606911347320316e-02 9.339479869198803134e-04 8.775964200580240002e-05 4.979303104760836318e-03
5.793168630711606482e-02 7.205196074748456856e-04 7.750007964056984146e-05 5.054167493612178944e-03
5.880018845743583550e-02 7.293754569585662439e-04 7.812174445537106683e-05 5.130169111192368209e-03
5.968176873354964773e-02 4.176878563634468713e-04 5.914385885784192770e-05 5.207325550243798937e-03
6.057662321336414191e-02 5.393377511996777420e-04 7.118718954546665134e-05 5.285654694531029783e-03
6.148495092718642835e-02 2.855707481667265615e-04 4.998620596274563666e-05 5.365174724457099677e-03
6.240695390199166998e-02 2.671969213723229277e-04 4.668467039312995442e-05 5.445904122822676184e-03
6.334283720635711101e-02 3.484621499445460496e-04 5.495424938787299229e-05 5.527861680732818438e-03
6.429280899607291155e-02 3.496738208651838748e-04 5.588100897935121419e-05 5.611066503656452105e-03
6.525708056043919014e-02 3.820129335439852668e-04 5.912600891474385095e-05 5.695538017643657358e-03
6.623586636926029336e-02 4.199860115059397695e-04 6.217702010468824348e-05 5.781295975706295803e-03
6.722938412054650648e-02 4.682648024124756313e-04 6.773683177176726973e-05 5.868360464367560446e-03
6.823785478893347467e-02 3.268401677488291584e-04 5.794998624305232392e-05 5.956751910386314658e-03
6.926150267483072165e-02 3.681311663784781092e-04 6.390510025753586725e-05 6.046491087662360202e-03
7.030055545430971553e-02 2.627531942134724084e-04 5.326523061168210010e-05 6.137599124328976460e-03
7.135524422974280634e-02 2.081707163831438673e-04 4.924379552758353516e-05 6.230097510039293331e-03
7.242580358120399853e-02 2.053663887308802339e-04 4.796640446428509060e-05 6.324008103453463564e-03
7.351247161864363222e-02 1.599854939115326791e-04 4.053022581716010983e-05 6.419353139933704419e-03
7.461549003484779785e-02 1.664560759042550697e-04 4.491077298034629097e-05 6.516155239454741663e-03
7.573510415919487704e-02 2.300099786846383353e-04 5.220105438398631826e-05 6.614437414737329470e-03
7.687156301222070054e-02 2.031548161395450652e-04 4.849450415448568961e-05 6.714223079612980337e-03
7.802511936100489653e-02 2.247297464660414951e-04 5.043876584892966397e-05 6.815536057628269855e-03
7.919602977539036415e-02 2.083525241435481442e-04 5.025305730625059380e-05 6.918400590897476679e-03
8.038455468504870916e-02 7.186019341275271205e-05 3.038758655165861835e-05 7.022841349212641596e-03
8.159095843740402088e-02 1.379287068082500557e-04 4.259842565274905808e-05 7.128883439420558889e-03
8.281550935642792433e-02 1.321434220769526920e-04 4.210293869938772890e-05 7.236552415076492537e-03
8.405847980231954952e-02 1.127323655190758941e-04 3.641220306679820236e-05 7.345874286384983069e-03
8.532014623208271364e-02 1.158041876267091095e-04 3.848134041468120485e-05 7.456875530438333843e-03
8.660078926101433261e-02 9.024082626987512854e-05 3.552056763375732523e-05 7.569583101763968300e-03
8.790069372511823131e-02 1.046395935707027200e-04 3.633710693311381352e-05 7.684024443192252231e-03
8.922014874445706456e-02 1.351653135166805777e-04 4.219127111912742968e-05 7.800227497056768863e-03
9.055944778745744772e-02 2.114646567773111865e-04 5.529934007016116577e-05 7.918220716739686818e-03
9.191888873618218880e-02 1.197885073335680587e-04 4.154266545374566544e-05 8.038033078575245252e-03
9.329877395258408257e-02 4.096535230424489817e-05 2.499073483326201854e-05 8.159694094124994579e-03
9.469941034575607430e-02 1.134461114621697732e-04 4.163710081744570170e-05 8.283233822838900404e-03
9.612110944019318370e-02 1.223995108527152779e-04 4.376221532462388651e-05 8.408682885117178124e-03
9.756418744508023322e-02 8.988458051953911881e-05 3.516729357514045211e-05 8.536072475788067382e-03
9.902896532462242274e-02 1.072642385751695026e-04 4.073358810933733670e-05 8.665434378017686234e-03
1.005157688694325174e-01 5.400529505969168821e-05 3.146603030472755192e-05 8.796800977668429306e-03
1.020249287689924955e-01 8.649294584787898036e-05 4.327676655203140143e-05 8.930205278123441032e-03
1.035567806852041028e-01 2.290357691549692266e-05 2.290803372654608006e-05 9.065680915594996961e-03
1.051116653270454115e-01 4.399758473811540979e-05 3.112441508684722733e-05 9.203262174935699855e-03
1.066899285263504249e-01 2.384170131536730541e-05 1.898945537476619567e-05 9.342984005971966335e-03
1.082919213147273546e-01 4.778108546477900055e-05 3.088583450827625662e-05 9.484882040380152382e-03
1.099180000016342224e-01 3.914223853002767853e-05 2.968972830257348203e-05 9.628992609126481306e-03
1.115685262536276062e-01 3.288026679199577322e-05 2.974547577540460896e-05 9.775352760492780901e-03
1.132438671748032810e-01 2.764280634044690430e-05 2.764974096235424685e-05 9.924000278710987111e-03
1.149443953884463215e-01 5.334817415048207851e-05 3.919057857636257654e-05 1.007497370323023021e-02
1.166704891199085159e-01 1.572806525352216561e-05 1.573196174795454572e-05 1.022831234864132743e-02
