1.558519041873728146e-02 7.680917751164569873e-01 6.898758379844339983e-02 1.354604197359737632e-03
1.581206099304519747e-02 8.676569882137881162e-01 7.367555502319743377e-02 1.374453913712968441e-03
1.604244842719330585e-02 8.075709067875710412e-01 6.285667536954624157e-02 1.394609327217783247e-03
1.627640396319794333e-02 7.108590240403921401e-01 4.875851372375529513e-02 1.415074922832267957e-03
1.651397963667665045e-02 8.223847058647295594e-01 6.013876631977366910e-02 1.435855254974914650e-03
1.675522828842189102e-02 7.291356740934392677e-01 5.071678406564008451e-02 1.456954948557765859e-03
1.700020357615380714e-02 8.259921677219400626e-01 5.770029935230263501e-02 1.478378700036640445e-03
1.724895998645473161e-02 8.066434804608987319e-01 5.533623971518238788e-02 1.500131278478727525e-03
1.750155284688799384e-02 6.986380143901298467e-01 4.602104082932599594e-02 1.522217526647858758e-03
1.775803833830376724e-02 6.113147020234573903e-01 3.913621725242863447e-02 1.544642362107744547e-03
1.801847350733476114e-02 4.723490323208465735e-01 2.815150821373813006e-02 1.567410778343516142e-03
1.828291627908437689e-02 4.778181456682476513e-01 2.854783591864072309e-02 1.590527845901870468e-03
1.855142547001033607e-02 3.923599942107212080e-01 2.238048731219661330e-02 1.613998713550154895e-03
1.882406080100650081e-02 2.826880654443536534e-01 1.520280115436249517e-02 1.637828609454747113e-03
1.910088291068588393e-02 2.153489501893459668e-01 1.124399490436508997e-02 1.662022842379042150e-03
1.938195336886773187e-02 1.444632367230725967e-01 7.298230813643937116e-03 1.686586802901431873e-03
1.966733469027176495e-02 1.150210247504938332e-01 5.939542139445607750e-03 1.711525964653629094e-03
1.995709034842254800e-02 7.143464288282087848e-02 4.044693470334300399e-03 1.736845885579705153e-03
2.025128478976711763e-02 5.134261688007072527e-02 3.030155304025197900e-03 1.762552209216234093e-03
2.054998344800899879e-02 4.355131042447737272e-02 2.679318274509894827e-03 1.788650665993923991e-03
2.085325275866182007e-02 3.944417943512420338e-02 2.308113170658018624e-03 1.815147074561155888e-03
2.116116017382569520e-02 4.619069805655452721e-02 2.576640662855226270e-03 1.842047343129819131e-03
2.147377417718978124e-02 4.834889820889611695e-02 2.465805269283034840e-03 1.869357470843891963e-03
2.179116429926418810e-02 6.089580423774003382e-02 2.874926206616755259e-03 1.897083549171188922e-03
2.211340113284479894e-02 7.945227390191973715e-02 3.453888339860885538e-03 1.925231763318724105e-03
2.244055634871433211e-02 8.635626213525843253e-02 3.469805445790086987e-03 1.953808393672154357e-03
2.277270271158308643e-02 8.603441224612017046e-02 3.337448764890604217e-03 1.982819817259770089e-03
2.310991409627314447e-02 8.095683027444747215e-02 3.069499731392383562e-03 2.012272509241510784e-03
2.345226550414932290e-02 8.097006493387591541e-02 2.934440360227386514e-03 2.042173044423535588e-03
2.379983307980079038e-02 7.238710998277800290e-02 2.603369285341005507e-03 2.072528098798806073e-03
2.415269412797691612e-02 7.497212994160272481e-02 2.710943338108629148e-03 2.103344451114257541e-03
2.451092713078113772e-02 6.928696562316509489e-02 2.469817953462738035e-03 2.134628984465080596e-03
2.487461176512674801e-02 5.898695548206989853e-02 2.155674346465751273e-03 2.166388687916660696e-03
2.524382892045832008e-02 4.745759666331979265e-02 1.842745868314168414e-03 2.198630658154757719e-03
2.561866071674296849e-02 3.821150985612568884e-02 1.526859661428107149e-03 2.231362101164517057e-03
2.599919052273513484e-02 2.726336959542769584e-02 1.179928906727178159e-03 2.264590333938907695e-03
2.638550297451926208e-02 2.014853223482672429e-02 9.660743870824994427e-04 2.298322786217225650e-03
2.677768399433423999e-02 1.537122802234176973e-02 8.211296768159618686e-04 2.332567002254274258e-03
2.717582080968396208e-02 1.035822550576639446e-02 6.355363959340362299e-04 2.367330642620927780e-03
2.758000197273821619e-02 8.410456005805321683e-03 5.515429374874003445e-04 2.402621486036713664e-03
2.799031738002810688e-02 5.937366196092144603e-03 4.316457207783058335e-04 2.438447431235143351e-03
2.840685829244060656e-02 6.077212717941934440e-03 4.388856380543311821e-04 2.474816498862498094e-03
2.882971735551644737e-02 6.531228996625487900e-03 4.499201247386846883e-04 2.511736833410823950e-03
2.925898862005607906e-02 8.401706450701694820e-03 5.056099836994891244e-04 2.549216705185894903e-03
2.969476756303812345e-02 9.693472328612496441e-03 5.380420121831963696e-04 2.587264512310942077e-03
3.013715110885501619e-02 1.228493576035876583e-02 5.949742853629914419e-04 2.625888782766950050e-03
3.058623765087062699e-02 1.414067751100622425e-02 6.387852059595751364e-04 2.665098176470383304e-03
3.104212707330458038e-02 1.356780167386805597e-02 6.022666732037720893e-04 2.704901487389190645e-03
3.150492077344813763e-02 1.583606101121025345e-02 6.521771422474348465e-04 2.745307645697991385e-03
3.197472168421671562e-02 1.596401026365473069e-02 6.354118287374660272e-04 2.786325719973364000e-03
3.245163429704374380e-02 1.438217354942698117e-02 5.819598575649232103e-04 2.827964919430182682e-03
3.293576468512138256e-02 1.454428414348692307e-02 5.846427906793275845e-04 2.870234596200023965e-03
3.342722052699297064e-02 1.378927444441954871e-02 5.475385906958812887e-04 2.913144247652597104e-03
3.392611113050245791e-02 1.036785070171846075e-02 4.485883904583729724e-04 2.956703518761297136e-03
3.443254745710629811e-02 8.760435561898191614e-03 4.133455273982722649e-04 3.000922204513957470e-03
3.494664214655313073e-02 6.484267068598455197e-03 3.400156694450179643e-04 3.045810252369900075e-03
3.546850954193669220e-02 5.189043008094730569e-03 2.941241747966487179e-04 3.091377764764471122e-03
3.599826571512763224e-02 3.666385532990638473e-03 2.403109987900540622e-04 3.137635001662245158e-03
3.653602849258979351e-02 2.678907473994122934e-03 2.038401460145329298e-04 3.184592383160124700e-03
3.708191748158679718e-02 1.940390981669913931e-03 1.659829288806022210e-04 3.232260492141654073e-03
3.763605409678462410e-02 1.882046630271257126e-03 1.622422913739681621e-04 3.280650076983821200e-03
3.819856158725628420e-02 1.485979948564791720e-03 1.420331849543913616e-04 3.329772054317762901e-03
3.876956506389439561e-02 2.374093345696375035e-03 1.798415699279198279e-04 3.379637511844767097e-03
3.934919152723794639e-02 2.749416044459625404e-03 1.930970096067467247e-04 3.430257711209048609e-03
3.993756989571931038e-02 3.471645255357814520e-03 2.146871185255634412e-04 3.481644090928826419e-03
4.053483103433780377e-02 3.874816299972565128e-03 2.247197763207536001e-04 3.533808269387242375e-03
4.114110778376618704e-02 3.927077969240844006e-03 2.153151155573574597e-04 3.586762047884808815e-03
4.175653498989671808e-02 3.853299441937284211e-03 2.091236117175108164e-04 3.640517413755017025e-03
4.238124953383301530e-02 3.336137559481352176e-03 1.930645014710660951e-04 3.695086543544895928e-03
4.301539036233466284e-02 4.021425885144968085e-03 2.143731330383275490e-04 3.750481806262305571e-03
4.365909851872130931e-02 3.389113753977746144e-03 1.902548426206827805e-04 3.806715766691855414e-03
4.431251717424299075e-02 2.990286540692269589e-03 1.768569349420094747e-04 3.863801188781410684e-03
4.497579165992375561e-02 2.193992838677728905e-03 1.496228056239379473e-04 3.921751039101173050e-03
4.564906949888570403e-02 1.578113803164432442e-03 1.273867855431304655e-04 3.980578490377452427e-03
4.633250043916055383e-02 1.590903827239080037e-03 1.241294205302539879e-04 4.040296925103293094e-03
4.702623648699604669e-02 9.877248109014010857e-04 9.493542582002943611e-05 4.100919939228206239e-03
4.773043194066461936e-02 8.311596132361639315e-04 8.720942965045599884e-05 4.162461345929337371e-03
4.844524342478193774e-02 7.732101880469851880e-04 8.365850597619329382e-05 4.224935179466529286e-03
4.917082992514272555e-02 8.609011128554032617e-04 8.846829320869820036e-05 4.288355699123718758e-03
4.990735282408181872e-02 1.102264044828328050e-03 9.985470735737228445e-05 4.352737393239364434e-03
5.065497593636828638e-02 1.277963780019009685e-03 1.059084802213677335e-04 4.418094983328568759e-03
5.141386554564052885e-02 1.261073887255504669e-03 1.039151297531938634e-04 4.484443428299699809e-03
5.218419044139038093e-02 1.527450208288465110e-03 1.146443054786492753e-04 4.551797928768457763e-03
5.296612195650485938e-02 1.439481886406766831e-03 1.126362939310879892e-04 4.620173931472430426e-03
5.375983400537321516e-02 1.095158827454023208e-03 9.613041570287648931e-05 4.689587133789228229e-03
5.456550312256847751e-02 1.180523858811653249e-03 9.921571768413968808e-05 4.760053488361562328e-03
5.538330850211155981e-02 9.646969858181837255e-04 8.968894484689011190e-05 4.831589207832572182e-03
5.621343203732705879e-02 7.146908053987969470e-04 7.699387469951339481e-05 4.904210769695009978e-03
5.705605836129918479e-02 5.495384055030406740e-04 6.746862129341853914e-05 4.977934921257913536e-03
5.791137488793723226e-02 5.001644074557422054e-04 6.540823111787696042e-05 5.052778684734581492e-03
5.877957185365961096e-02 3.575335754257509329e-04 5.341986256988727293e-05 5.128759362455853621e-03
5.966084235970540300e-02 2.742604670056460344e-04 4.811972744595534535e-05 5.205894542212772050e-03
6.055538241508329200e-02 4.247107627191816135e-04 6.263725675985426695e-05 5.284202102732919390e-03
6.146339098016723873e-02 4.577023069712122193e-04 6.256090732677314610e-05 5.363700219294930197e-03
6.238507001094849985e-02 6.253519214000183594e-04 7.293279850500053690e-05 5.444407369485760630e-03
6.332062450395388453e-02 5.543242323759402408e-04 6.915700920176188603e-05 5.526342339105533644e-03
6.427026254184046994e-02 3.996123188340453556e-04 6.056078039942660240e-05 5.609524228225023362e-03
6.523419533967650397e-02 4.879138670725201494e-04 6.876574020450071693e-05 5.693972457400916024e-03
6.621263729191913250e-02 4.207601810960562316e-04 6.311781591434274742e-05 5.779706774054334424e-03
6.720580602009926241e-02 3.155371084134338949e-04 5.483281459893696942e-05 5.866747259018222950e-03
6.821392242122410743e-02 2.858302018269155784e-04 5.332130351916435096e-05 5.955114333259473036e-03
6.923721071690834561e-02 1.877253492856951437e-04 4.306558102848711850e-05 6.044828764781884876e-03
7.027589850324469922e-02 1.539784491909209859e-04 3.950231825756015985e-05 6.135911675716349163e-03
7.133021680142499765e-02 2.746948734083856235e-04 5.754952160456323982e-05 6.228384549604785297e-03
7.240040010912308921e-02 1.870301936664685804e-04 4.494031351374186368e-05 6.322269238884810523e-03
7.348668645265099553e-02 2.274481838079759960e-04 5.024637137585565889e-05 6.417587972582179494e-03
7.458931743989982710e-02 2.345167645810842790e-04 5.423912318541065702e-05 6.514363364218571546e-03
7.570853831407740875e-02 1.932398663883453955e-04 4.762915055090883757e-05 6.612618419942353255e-03
7.684459800825430009e-02 2.413373426580197126e-04 5.476629699265449258e-05 6.712376546890464271e-03
7.799774920073063167e-02 1.422690986906438625e-04 4.048703549048839691e-05 6.813661561789794742e-03
7.916824837123592751e-02 1.021392677755495290e-04 3.434248031850308105e-05 6.916497699806803401e-03
8.035635585797439029e-02 6.910818777340658147e-05 3.094689488128348718e-05 7.020909623654442849e-03
8.156233591552840279e-02 5.582435846041858762e-05 2.794205788923586280e-05 7.126922432965933883e-03
8.278645677363295763e-02 1.577582313795718367e-04 4.693095190160366937e-05 7.234561673945155355e-03
8.402899069683458788e-02 5.431485463854588205e-05 2.469441600302541096e-05 7.343853349303998933e-03
8.529021404504723292e-02 5.530463182559153181e-05 2.694754504707510171e-05 7.454823928497300058e-03
8.657040733501930596e-02 1.511845549395224298e-04 4.529300310025829898e-05 7.567500358266539273e-03
8.786985530272523048e-02 1.211941584457400543e-04 3.748428324930979223e-05 7.681910073503848968e-03
8.918884696669544809e-02 3.541901254465310201e-05 1.784278042416657137e-05 7.798081008448375789e-03
9.052767569229867861e-02 5.006833734219093377e-05 2.647742294936554733e-05 7.916041608227579809e-03
9.188663925699150359e-02 1.053633719982499537e-04 4.120253716223768733e-05 8.035820840756545055e-03
9.326603991654859593e-02 9.330396536744043007e-05 3.934910456931274135e-05 8.157448209008839185e-03
9.466618447228965227e-02 1.391072380941301811e-04 4.827146030294637933e-05 8.280953763673186072e-03
9.608738433931680867e-02 3.305495625672816545e-05 2.349915141636484524e-05 8.406368116210588895e-03
9.752995561577867956e-02 2.348283487393941084e-05 1.938510431465245454e-05 8.533722452327353186e-03
9.899421915317561937e-02 5.046271379172117682e-05 2.701565310652149224e-05 8.663048545879932852e-03
1.004805006277224022e-01 7.449438713323411581e-05 3.571134557776609411e-05 8.794378773228193544e-03
1.019891306127839598e-01 3.906091179196733614e-05 2.778891801155390897e-05 8.927746128054542957e-03
1.035204446524003313e-01 5.437033204258637650e-07 5.438091199991461191e-07 9.063184236666793972e-03
1.050747833359170769e-01 4.597788933728354135e-05 3.255504854613733425e-05 9.200727373803655254e-03
1.066524923737380420e-01 3.986349851517965846e-05 2.648302085867023644e-05 9.340410478962262592e-03
1.082539226742169902e-01 3.993025392069965098e-05 2.802064930145674714e-05 9.482269173268220719e-03
1.098794304217052403e-01 1.893893628553166677e-05 1.339699321826329212e-05 9.626339776909107609e-03
1.115293771557731711e-01 6.806264418714805524e-05 4.021229934862330287e-05 9.772659327153689068e-03
1.132041298516223010e-01 2.650488412727843056e-05 2.651153329607506306e-05 9.921265596979559828e-03
1.149040610017066505e-01 2.431863818362798313e-05 1.988880261893739360e-05 1.007219711433314686e-02
1.166295486985813729e-01 1.573262133106772656e-05 1.573651896142842300e-05 1.022549318204690923e-02
