1.559281659469108350e-02 7.680907500966462909e-01 6.899165639826616847e-02 1.355126738309771293e-03
1.581980175621428703e-02 8.394795848658267445e-01 7.140668261072226353e-02 1.374984252302454205e-03
1.605030549924941694e-02 7.901537626919588053e-01 6.156566527171460773e-02 1.395147581314948445e-03
1.628437909168185815e-02 7.074901909064150729e-01 4.853157658000938762e-02 1.415621212070692324e-03
1.652207459538686252e-02 8.124034317946305928e-01 5.943730182253316452e-02 1.436409700780271305e-03
1.676344487780913675e-02 7.400444376065354879e-01 5.144646086786371086e-02 1.457517674174984689e-03
1.700854362372151984e-02 7.988619609977393177e-01 5.587406369345952750e-02 1.478949830557493243e-03
1.725742534716550106e-02 7.993817060452343970e-01 5.485300750792072161e-02 1.500710940869841173e-03
1.751014540357613211e-02 6.806200490443079509e-01 4.488242330249975209e-02 1.522805849779168596e-03
1.776676000209409870e-02 6.352808403799898862e-01 4.059598434781283571e-02 1.545239476781391178e-03
1.802732621806765745e-02 4.844289795085449657e-01 2.882104823924123982e-02 1.568016817323191533e-03
1.829190200574723132e-02 4.864538887973828829e-01 2.902965586206160756e-02 1.591142943942625704e-03
1.856054621117549791e-02 4.202059061152717545e-01 2.385670307094887865e-02 1.614623007428675656e-03
1.883331858527577743e-02 3.279891182737454391e-01 1.739269689359928747e-02 1.638462238000098180e-03
1.911027979714174582e-02 2.560003000231762527e-01 1.309153637650227464e-02 1.662665946503898064e-03
1.939149144753126233e-02 1.597792916914365924e-01 7.943549626888526602e-03 1.687239525633796138e-03
1.967701608256754511e-02 1.223719595071146166e-01 6.246638172878881887e-03 1.712188451169051892e-03
1.996691720765048431e-02 8.982444768515841782e-02 4.808679862064266057e-03 1.737518283234008257e-03
2.026125930158135385e-02 5.768030928426871873e-02 3.284593399802996413e-03 1.763234667578749033e-03
2.056010783090406191e-02 4.744733728909313747e-02 2.830771913223532974e-03 1.789343336881255844e-03
2.086352926446603806e-02 3.590964940944238459e-02 2.171137471998724026e-03 1.815850112071478763e-03
2.117159108820204291e-02 3.865951035536117908e-02 2.290070435562114540e-03 1.842760903677715051e-03
2.148436182014424115e-02 4.099451175216300980e-02 2.209139771682007512e-03 1.870081713195738795e-03
2.180191102566177500e-02 5.022109623992204036e-02 2.521604785824073120e-03 1.897818634481111431e-03
2.212430933293330418e-02 6.467450349729247927e-02 2.986219220375150880e-03 1.925977855165112492e-03
2.245162844865594351e-02 7.188775199142534433e-02 3.037703297331580468e-03 1.954565658094766303e-03
2.278394117399404686e-02 7.315124636050648887e-02 2.969365384881352335e-03 1.983588422797423478e-03
2.312132142077143529e-02 7.485321163492023033e-02 2.905018078511309096e-03 2.013052626970373606e-03
2.346384422791062199e-02 7.460318092416909352e-02 2.765463915855126235e-03 2.042964847996030144e-03
2.381158577812282282e-02 7.029595547499173369e-02 2.550501724552296789e-03 2.073331764483138991e-03
2.416462341485218698e-02 6.967197930096900860e-02 2.573373144912890174e-03 2.104160157834576890e-03
2.452303565947837327e-02 6.163577829052932500e-02 2.278046107072450883e-03 2.135456913842285250e-03
2.488690222878098268e-02 5.638512142344459521e-02 2.091281706678282254e-03 2.167229024309858497e-03
2.525630405266993464e-02 4.971602117389645192e-02 1.900113941897567903e-03 2.199483588703399738e-03
2.563132329218565514e-02 3.739664988782232663e-02 1.506844950501869292e-03 2.232227815831210570e-03
2.601204335777304588e-02 3.082456593996248800e-02 1.276228469310965652e-03 2.265469025552921314e-03
2.639854892783341511e-02 2.102329056753679884e-02 9.904329475990437948e-04 2.299214650518702652e-03
2.679092596755833222e-02 1.672457564913457789e-02 8.636825019877455902e-04 2.333472237939164529e-03
2.718926174804973256e-02 1.219795337453495956e-02 6.952355878639202968e-04 2.368249451386652670e-03
2.759364486573052250e-02 8.450033610699458908e-03 5.507161914246883061e-04 2.403554072628579386e-03
2.800416526204984116e-02 6.398524554327351434e-03 4.517778544333389632e-04 2.439394003493515484e-03
2.842091424348758624e-02 4.817032413407429554e-03 3.848164170859936823e-04 2.475777267770749336e-03
2.884398450186246438e-02 5.274096924884887246e-03 4.000219672120659429e-04 2.512712013144073782e-03
2.927347013494820821e-02 6.127943110967817679e-03 4.247471228366385431e-04 2.550206513160555022e-03
2.970946666740254330e-02 8.339205857389212287e-03 4.955690595799353438e-04 2.588269169235083659e-03
3.015207107201335959e-02 1.039349293912062572e-02 5.430791749764741962e-04 2.626908512691508019e-03
3.060138179126717026e-02 1.163423142655678304e-02 5.727786274514935641e-04 2.666133206841217115e-03
3.105749875924428832e-02 1.383723707824428134e-02 6.111039107577714933e-04 2.705952049100012000e-03
3.152052342384582817e-02 1.518505353073082431e-02 6.358688728504361797e-04 2.746373973144179258e-03
3.199055876935751747e-02 1.533972619933971979e-02 6.182443384206271321e-04 2.787408051106696032e-03
3.246770933935489573e-02 1.609178163370952874e-02 6.205869784325906014e-04 2.829063495814477299e-03
3.295208125995572473e-02 1.489289178547298018e-02 5.904162057063630422e-04 2.871349663067737472e-03
3.344378226342412108e-02 1.277033983542319277e-02 5.229100483519987484e-04 2.914276053962373131e-03
3.394292171213200704e-02 1.178546466762325426e-02 4.864057270953276607e-04 2.957852317256510957e-03
3.444961062288309783e-02 1.069953681098966686e-02 4.641698178798999352e-04 3.002088251782252144e-03
3.496396169160487233e-02 7.622415456054820217e-03 3.704718230231317808e-04 3.046993808903751717e-03
3.548608931841404357e-02 6.519085311327828952e-03 3.316516920543426247e-04 3.092579095022801507e-03
3.601610963306099006e-02 3.898154199031209511e-03 2.477313837545659972e-04 3.138854374133100318e-03
3.655414052075894177e-02 2.926309445727829413e-03 2.141594317697182392e-04 3.185830070424444660e-03
3.710030164840365935e-02 2.602525408698942808e-03 1.937337127067205683e-04 3.233516770938155843e-03
3.765471449118919928e-02 1.844715872514343354e-03 1.596026049360267890e-04 3.281925228275022356e-03
3.821750235962611403e-02 1.692794046101064225e-03 1.519691953096434934e-04 3.331066363357167853e-03
3.878879042696770085e-02 1.678130433966966645e-03 1.500282873022263286e-04 3.380951268245246423e-03
3.936870575705057884e-02 2.038628813829212582e-03 1.649460873709206546e-04 3.431591209012427052e-03
3.995737733255582541e-02 2.669193535255745368e-03 1.867772642005816638e-04 3.482997628676722923e-03
4.055493608369679231e-02 3.122597252823314760e-03 2.004739763306454838e-04 3.535182150193170829e-03
4.116151491734017925e-02 3.412748723295485741e-03 2.002606146192693621e-04 3.588156579507591985e-03
4.177724874656670029e-02 3.666864532585966795e-03 2.044788857371508499e-04 3.641932908673519310e-03
4.240227452067797664e-02 3.782282632533890375e-03 2.073597045479414771e-04 3.696523319034123074e-03
4.303673125565630336e-02 3.728111933988035882e-03 2.054363269953167048e-04 3.751940184470896073e-03
4.368076006508409687e-02 3.369522381498146237e-03 1.899110270063440926e-04 3.808196074720999590e-03
4.433450419152990679e-02 2.880241777159462183e-03 1.726507867353585773e-04 3.865303758765224751e-03
4.499810903840784082e-02 2.386736829965835621e-03 1.557378775867477411e-04 3.923276208288571133e-03
4.567172220231773688e-02 2.030670852968973709e-03 1.443355584418531642e-04 3.982126601215547727e-03
4.635549350587309103e-02 1.508288243770628890e-03 1.182505218882100442e-04 4.041868325322368546e-03
4.704957503102401295e-02 1.135715718404916750e-03 1.009317846102854066e-04 4.102514981928288493e-03
4.775412115288277942e-02 6.453259771456971257e-04 7.491721440263112114e-05 4.164080389668420486e-03
4.846928857405937568e-02 8.226736283159026726e-04 8.727814834144488154e-05 4.226578588350479379e-03
4.919523635951479623e-02 7.631002818666348048e-04 8.362821962947739876e-05 4.290023842897915975e-03
4.993212597193958519e-02 7.616870445361173482e-04 8.217112569755499502e-05 4.354430647382113474e-03
5.068012130766593598e-02 9.879080597242030290e-04 9.216011851031904263e-05 4.419813729146329119e-03
5.143938873312079579e-02 1.084181241874404436e-03 9.534757116095941008e-05 4.486188053024173922e-03
5.221009712182855811e-02 1.261359418906705205e-03 1.020220584100850302e-04 4.553568825655613349e-03
5.299241789197131625e-02 1.338134016048713078e-03 1.076417866315878928e-04 4.621971499903458798e-03
5.378652504451506694e-02 1.259369817161257264e-03 1.036039478522539511e-04 4.691411779373549570e-03
5.459259520191035719e-02 1.097817316391745983e-03 9.383253906899514994e-05 4.761905623041873606e-03
5.541080764737601333e-02 1.144298168984834128e-03 9.709705424997691560e-05 4.833469249992032243e-03
5.624134436477477156e-02 1.018374246710618573e-03 9.281868554633999674e-05 4.906119144266612997e-03
5.708439007908931023e-02 6.334905201533640737e-04 7.191344211143786008e-05 4.979872059836091581e-03
5.794013229750824556e-02 4.080268682875651926e-04 5.781341313746753846e-05 5.054745025689125551e-03
5.880876135113081299e-02 4.392333553003709124e-04 6.052317744640140710e-05 5.130755351048191248e-03
5.969047043729949764e-02 2.984243812459331938e-04 5.042960867110926360e-05 5.207920630714678832e-03
6.058545566257043241e-02 3.816395964344327903e-04 5.870315852594830592e-05 5.286258750547752697e-03
6.149391608633063278e-02 4.145414849256486142e-04 6.077975624229539072e-05 5.365787893081406905e-03
6.241605376507215058e-02 4.192442094189894057e-04 6.112878178665949957e-05 5.446526543284407190e-03
6.335207379733261146e-02 4.319372333552784818e-04 6.085470206889080652e-05 5.528493494467848386e-03
6.430218436931266213e-02 4.305895835834909870e-04 6.056369884972644975e-05 5.611707854345445584e-03
6.526659680117986861e-02 4.941017693017957062e-04 6.919731552950465943e-05 5.696189051251679056e-03
6.624552559406986230e-02 3.878779660364946270e-04 6.052977990671736235e-05 5.781956840523294616e-03
6.723918847779486452e-02 3.474443019983590756e-04 5.623695066889561686e-05 5.869031311049738298e-03
6.824780645927042144e-02 3.533637048393081597e-04 5.973679606859609191e-05 5.957432891998441608e-03
6.927160387167088929e-02 2.174550231820896005e-04 4.876059614266295162e-05 6.047182359721028910e-03
7.031080842432488320e-02 1.523240281573493232e-04 4.067060237888218971e-05 6.138300844846835032e-03
7.136565125336152837e-02 2.746153051878474590e-04 5.628735230418616830e-05 6.230809839570301649e-03
7.243636697311894856e-02 2.167680134094126002e-04 4.975749417019800568e-05 6.324731205139191327e-03
7.352319372832634425e-02 2.361399914915153649e-04 5.134055706110061669e-05 6.420087179550703835e-03
7.462637324707122044e-02 2.830164434478561557e-04 5.838719595653161560e-05 6.516900385463025164e-03
7.574615089456382400e-02 2.416781787468459100e-04 5.352451303314684661e-05 6.615193838330001887e-03
7.688277572771021195e-02 1.512437267762529645e-04 4.176989188229887607e-05 6.714990954767041144e-03
7.803650055050667667e-02 2.108020565154190319e-04 5.082190627966800406e-05 6.816315561156642729e-03
7.920758197026754599e-02 2.315554452187724543e-04 5.471659657034432206e-05 6.919191902502299339e-03
8.039628045469882078e-02 1.034837765436700906e-04 3.560870857015794672e-05 7.023644651539841070e-03
8.160286038983041723e-02 7.544480817971231223e-05 2.992512760691098180e-05 7.129698918115780736e-03
8.282759013881994814e-02 1.283214437265710372e-04 4.019076543059860326e-05 7.237380258842410902e-03
8.407074210164128258e-02 9.934752222097925156e-05 3.368148863984086837e-05 7.346714687040047098e-03
8.533259277567047107e-02 1.279878390050174857e-04 4.226759083772410359e-05 7.457728682976969524e-03
8.661342281718351077e-02 1.586055570379119755e-04 4.746071614640076284e-05 7.570449204418346761e-03
8.791351710377878770e-02 1.402128252861597698e-04 4.350098544578866427e-05 7.684903697495593274e-03
8.923316479773861498e-02 7.980788728748025465e-05 3.113900232071212547e-05 7.801120107908311556e-03
9.057265941034362000e-02 8.878867765326120055e-05 3.398369057784871304e-05 7.919126892471333237e-03
9.193229886715451049e-02 9.354713205638624308e-05 3.781323162951182748e-05 8.038953031019948486e-03
9.331238557427548597e-02 4.236326238201018293e-05 2.503878383828831637e-05 8.160628038686942171e-03
9.471322648561442126e-02 9.854309919116868775e-05 4.032297362763676311e-05 8.284181978565596446e-03
9.613513317115437995e-02 4.895827537770494750e-05 2.672968167268054319e-05 8.409645474773408402e-03
9.757842188625200086e-02 6.679530350301448205e-05 3.165747495009937614e-05 8.537049725931918423e-03
9.904341364197775943e-02 6.606678443584622265e-05 3.354872619401501479e-05 8.666426519078587049e-03
1.005304342765141051e-01 9.665537560061062013e-05 4.361224269857004416e-05 8.797808244027370203e-03
1.020398145276272955e-01 2.692960859224724499e-05 2.193750727434418712e-05 8.931227908195378193e-03
1.035718901062288311e-01 8.644704014422852523e-05 4.308158283913490213e-05 9.066719151913569391e-03
1.051270017710429772e-01 4.592852388460673456e-05 3.252009479353327987e-05 9.204316264240338524e-03
1.067054954043973602e-01 5.283873225519046817e-05 3.563026963073423291e-05 9.344054199297426727e-03
1.099340381867889710e-01 2.712722865748714321e-05 2.713243801722036133e-05 9.630095781242416220e-03
1.115848054166671682e-01 2.952733690079915589e-05 2.953379836878104489e-05 9.776472816440248334e-03
1.132603909364804096e-01 2.647642641375680476e-05 2.648306839857027562e-05 9.925137487654094731e-03
1.149611674239164466e-01 7.332202086723786964e-05 4.853835600131012513e-05 1.007612833911636883e-02
