1.561581937921193569e-02 7.990379531591700335e-01 7.159228062257554093e-02 1.356703202375082956e-03
1.584315016940709628e-02 8.529284349645630536e-01 7.248149186371363739e-02 1.376584241616674508e-03
1.607400473418134704e-02 8.218877547941856321e-01 6.391417522065567791e-02 1.396771451477679671e-03
1.630843441944869465e-02 6.946765942459742771e-01 4.770904671938013680e-02 1.417269324007522282e-03
1.654649136628538741e-02 8.632391821031134560e-01 6.299680768829332700e-02 1.438082420823460529e-03
1.678822852252711759e-02 8.102365951207979311e-01 5.610485477945095778e-02 1.459215374145411085e-03
1.703369965454558030e-02 8.752115688225488022e-01 6.100100394341345655e-02 1.480672887847872196e-03
1.728295935920713677e-02 8.168778081577251493e-01 5.600284057568260393e-02 1.502459738529246264e-03
1.753606307601614581e-02 7.621914842902303144e-01 5.003004409837641386e-02 1.524580776598869402e-03
1.779306709944574946e-02 7.040829890464938012e-01 4.480810680138472279e-02 1.547040927382032889e-03
1.805402859145877753e-02 5.590602304399413525e-01 3.303406095631220007e-02 1.569845192243336752e-03
1.831900559422160527e-02 5.893489544067075370e-01 3.483091917561961792e-02 1.592998649728678395e-03
1.858805704301379549e-02 5.373312803734326959e-01 3.005102504544212780e-02 1.616506456726215200e-03
1.886124277933634574e-02 4.445493675233642139e-01 2.303010572669524428e-02 1.640373849646641546e-03
1.913862356422153799e-02 3.450712153519348013e-01 1.713786983956240573e-02 1.664606145623118930e-03
1.942026109174721862e-02 2.563947645904613437e-01 1.193402050060332446e-02 1.689208743731217656e-03
1.970621800275873178e-02 2.094914589564867979e-01 9.768225255503561189e-03 1.714187126229248454e-03
1.999655789880128154e-02 1.637973621503338861e-01 7.755942423210399062e-03 1.739546859819329468e-03
2.029134535626606756e-02 1.063465210286595741e-01 5.160883818107838208e-03 1.765293596929601696e-03
2.059064594075320220e-02 7.625178752704589447e-02 3.960001225602715648e-03 1.791433077017965834e-03
2.089452622165464957e-02 4.671806116024119354e-02 2.582793695869142585e-03 1.817971127897759047e-03
2.120305378696039564e-02 3.382409410988291426e-02 2.107113220914929447e-03 1.844913667085768027e-03
2.151629725829121154e-02 2.691301047058334422e-02 1.697890783136139347e-03 1.872266703173024400e-03
2.183432630616127454e-02 3.504528608477384261e-02 1.997637277587623050e-03 1.900036337218803358e-03
2.215721166547409901e-02 4.054722385962775122e-02 2.188192339654619362e-03 1.928228764168279583e-03
2.248502515125520157e-02 4.938155445820517631e-02 2.346259857988341243e-03 1.956850274294300810e-03
2.281783967462498383e-02 5.721604328278289547e-02 2.497444765728353260e-03 1.985907254663754791e-03
2.315572925901541665e-02 6.156160481673333962e-02 2.531709623166599962e-03 2.015406190628993895e-03
2.349876905663408552e-02 6.635244425276830282e-02 2.547114406814214756e-03 2.045353667344863152e-03
2.384703536517939620e-02 6.206684139525553423e-02 2.338566167720352185e-03 2.075756371311792293e-03
2.420060564481039608e-02 7.097448460220080746e-02 2.610839613041106375e-03 2.106621091945501487e-03
2.455955853537528100e-02 6.496151469512206900e-02 2.362600721033632396e-03 2.137954723173883260e-03
2.492397387390221652e-02 6.091558615406404004e-02 2.204405933502731705e-03 2.169764265061574493e-03
2.529393271235641158e-02 5.862464934564114161e-02 2.122277837085059359e-03 2.202056825462826543e-03
2.566951733566749314e-02 4.653568192737232018e-02 1.732144931896211371e-03 2.234839621703250696e-03
2.605081128003102278e-02 3.962871939283084399e-02 1.489319055705461093e-03 2.268119982291044376e-03
2.643789935148838782e-02 3.068011859937183963e-02 1.241833538202358677e-03 2.301905348658328694e-03
2.683086764478901862e-02 2.736308574081805153e-02 1.155485758938215373e-03 2.336203276933221384e-03
2.722980356253939735e-02 1.844700893429303962e-02 8.789738427276050543e-04 2.371021439743348138e-03
2.763479583464278563e-02 1.332019690597163394e-02 7.077786423549645200e-04 2.406367628051417264e-03
2.804593453803429920e-02 8.322678424080720214e-03 5.178002258676567271e-04 2.442249753023620525e-03
2.846331111671546524e-02 6.494578790898371083e-03 4.540907581644542702e-04 2.478675847931519332e-03
2.888701840209293922e-02 5.052937786320666098e-03 3.930158098377932647e-04 2.515654070088227737e-03
2.931715063362571802e-02 4.158186072913715343e-03 3.462656733069244350e-04 2.553192702819606034e-03
2.975380347978563711e-02 3.924836141864170708e-03 3.332122618033963386e-04 2.591300157471290288e-03
3.019707405933555119e-02 4.063912010914734647e-03 3.289371250178892278e-04 2.629984975452356183e-03
3.064706096293018725e-02 5.781044924286327102e-03 3.908036595012792224e-04 2.669255830316471980e-03
3.110386427504437112e-02 7.273969838227395401e-03 4.264026896181688183e-04 2.709121529881403177e-03
3.156758559623343285e-02 9.891420184807318480e-03 4.996263936603486527e-04 2.749591018387768319e-03
3.203832806573093245e-02 1.038477706348376120e-02 4.940256827749489252e-04 2.790673378697966240e-03
3.251619638438841414e-02 1.101085418916889110e-02 4.981497260471008355e-04 2.832377834536227955e-03
3.300129683796271252e-02 1.210704613734026221e-02 5.256258396324601807e-04 2.874713752770811058e-03
3.349373732075563298e-02 1.209878909474798592e-02 5.070428869624106103e-04 2.917690645739297230e-03
3.399362735961143633e-02 1.138836238238070432e-02 4.763909721442328819e-04 2.961318173618096138e-03
3.450107813827739400e-02 1.062933630272587353e-02 4.620447206090342457e-04 3.005606146837223012e-03
3.501620252213293039e-02 9.732902615820890682e-03 4.250791761314766729e-04 3.050564528541464468e-03
3.553911508329271607e-02 7.492535667211066598e-03 3.600570733821192274e-04 3.096203437099116513e-03
3.606993212608940874e-02 5.970775293396768900e-03 3.149556450779489661e-04 3.142533148659475660e-03
3.660877171294166926e-02 4.615651091412683107e-03 2.712542489480775001e-04 3.189564099760324768e-03
3.715575369061316358e-02 3.724134364191724993e-03 2.328559141700494123e-04 3.237306889986715959e-03
3.771099971686851793e-02 2.456910752434469849e-03 1.844092513974351932e-04 3.285772284682357720e-03
3.827463328753193811e-02 1.674442533511414461e-03 1.502366564413569635e-04 3.334971217714985305e-03
3.884677976395475851e-02 1.333385061021350381e-03 1.331927881141411357e-04 3.384914794297145570e-03
3.942756640089786074e-02 1.182685796802156316e-03 1.248100871794902090e-04 3.435614293863854286e-03
4.001712237483525531e-02 1.709929845685569539e-03 1.486299401255259062e-04 3.487081173008670272e-03
4.061557881268502285e-02 2.023025153563045870e-03 1.609309627094338924e-04 3.539327068479715920e-03
4.122306882097410974e-02 2.559299044297163282e-03 1.731752877282774776e-04 3.592363800237357175e-03
4.183972751544339647e-02 2.817501964656705677e-03 1.781591114852106299e-04 3.646203374575141508e-03
4.246569205109972100e-02 3.451147181985022433e-03 1.984390064282262123e-04 3.700857987305837017e-03
4.310110165272133115e-02 3.486194232996487306e-03 1.998913057473921404e-04 3.756340027014314336e-03
4.374609764582381571e-02 3.386911590287172702e-03 1.920510175002663404e-04 3.812662078379191674e-03
4.440082348809323842e-02 3.886717628535657585e-03 2.032774560964018017e-04 3.869836925565204970e-03
4.506542480129339251e-02 3.200114095602851587e-03 1.823003592614672681e-04 3.927877555688290279e-03
4.574004940365457988e-02 2.553042356490989664e-03 1.622340490374124013e-04 3.986797162355503431e-03
4.642484734275077046e-02 2.483410037681522964e-03 1.542842741570614213e-04 4.046609149281944068e-03
4.711997092887269117e-02 2.037298123809149451e-03 1.370601527136294134e-04 4.107327133986943095e-03
4.782557476890402642e-02 1.328112476689946846e-03 1.098263164583600476e-04 4.168964951571831577e-03
4.854181580070866114e-02 1.002614378545760906e-03 9.595173688541105126e-05 4.231536658581790816e-03
4.926885332803616901e-02 8.196144266446761615e-04 8.623821788508972790e-05 4.295056536954187064e-03
5.000684905595356722e-02 6.643609592387508377e-04 7.718977561380993579e-05 4.359539098056130872e-03
5.075596712681125500e-02 5.906613397102856468e-04 7.168553475588389072e-05 4.424999086813894388e-03
5.151637415675092146e-02 8.047051267768338912e-04 8.335044955082690943e-05 4.491451485937029801e-03
5.228823927276364525e-02 9.698232327423985701e-04 9.004718159926725389e-05 4.558911520240131049e-03
5.307173415030665142e-02 9.333170218439870366e-04 8.923167709103021605e-05 4.627394661065261511e-03
5.386703305148667076e-02 1.297726303901309631e-03 1.045868815262456945e-04 4.696916630808207517e-03
5.467431286381866512e-02 1.145319283161930863e-03 9.622385568688170620e-05 4.767493407551849291e-03
5.549375313956859262e-02 1.290405763527009524e-03 1.045233950653950321e-04 4.839141229810042452e-03
5.632553613568876127e-02 1.079454050439747305e-03 9.519923946929734562e-05 4.911876601385561057e-03
5.716984685435465979e-02 1.075655646103103541e-03 9.556120885473911512e-05 4.985716296345772854e-03
5.802687308411261929e-02 7.931634741436065878e-04 8.186047633477425579e-05 5.060677364119883954e-03
5.889680544164702797e-02 6.448576883296440248e-04 7.314851891244263592e-05 5.136777134721717646e-03
5.977983741417656344e-02 3.851023444767903681e-04 5.660960758197184869e-05 5.214033224102158567e-03
6.067616540248894214e-02 3.392093647045070297e-04 5.611228650954539165e-05 5.292463539635546173e-03
6.158598876462372668e-02 2.953586025102333964e-04 5.253161174930186608e-05 5.372086285744522537e-03
6.250950986021276690e-02 3.106468105171929467e-04 5.366563200866372149e-05 5.452919969667931535e-03
6.344693409548832208e-02 3.227487681049553796e-04 5.371583419307982330e-05 5.534983407376619681e-03
6.439846996896878006e-02 3.943655080027000013e-04 5.892758558299270667e-05 5.618295729642167578e-03
6.536432911783211785e-02 5.613626636792029946e-04 7.303281160827560967e-05 5.702876388263743157e-03
6.634472636498757459e-02 5.191628890286998201e-04 7.178746632101582782e-05 5.788745162458570556e-03
6.733987976685565369e-02 4.762562677140375587e-04 6.873065756620310872e-05 5.875922165421583118e-03
6.835001066186759122e-02 4.469376603207389042e-04 6.614754979448516845e-05 5.964427851060221872e-03
6.937534371969449054e-02 4.111379513448834089e-04 6.605144708617630307e-05 6.054283020910425882e-03
7.041610699121769734e-02 2.197227655578997828e-04 4.801269018511184871e-05 6.145508831240252892e-03
7.147253195925097613e-02 1.855851404380525372e-04 4.655995246865805452e-05 6.238126800347660629e-03
7.254485359002607603e-02 1.326341607507798386e-04 3.727143916338702815e-05 6.332158816059449240e-03
7.363331038545316287e-02 1.423889318253315967e-04 3.631568475423324220e-05 6.427627143438432132e-03
7.473814443616741410e-02 2.696800522761969954e-04 5.681911293424404125e-05 6.524554432706376056e-03
7.585960147537407217e-02 1.066531288130035819e-04 3.208185442379658683e-05 6.622963727390436019e-03
7.699793093350346118e-02 1.658550486871272637e-04 4.398057509449716600e-05 6.722878472701198337e-03
7.815338599368842898e-02 1.668110181443709333e-04 4.301701773538959157e-05 6.824322524150714005e-03
7.932622364807646875e-02 1.522017610886659421e-04 4.112234450985731139e-05 6.927320156419332180e-03
8.051670475498889923e-02 2.445980999635656962e-04 5.623528961247598859e-05 7.031896072480375154e-03
8.172509409694017624e-02 1.316147130180692331e-04 3.991313768133225939e-05 7.138075412992271260e-03
8.295166043952957591e-02 9.637646731999243647e-05 3.631011162700064862e-05 7.245883765967855820e-03
8.419667659121954362e-02 4.927756182203773405e-05 2.512631613132944717e-05 7.355347176731329151e-03
8.546041946401231049e-02 1.240592120499105753e-04 4.239452475793504339e-05 7.466492158173371023e-03
8.674317013503980711e-02 1.612610841111424215e-04 4.765063069204466395e-05 7.579345701315735873e-03
8.804521390908003065e-02 1.219346287419870921e-04 4.105552836995420642e-05 7.693935286196867257e-03
8.936684038201318792e-02 3.703760619718221163e-05 2.178016746957030719e-05 7.810288893090549731e-03
9.070834350523281076e-02 1.098034227019957396e-04 4.123744365944254271e-05 7.928435014070311926e-03
9.207002165102524949e-02 5.023546192001913057e-05 2.901698611491554562e-05 8.048402664932568715e-03
9.345217767893258809e-02 7.202193292644714793e-05 3.512149103006558470e-05 8.170221397492195489e-03
9.485511900311359434e-02 4.323438515141674764e-05 2.439454651813821666e-05 8.293921312264708121e-03
9.627915766071754033e-02 9.359121210385790688e-05 3.715317392021966501e-05 8.419533071549809358e-03
9.772461038128663069e-02 8.568076494986131338e-05 3.686643116948033695e-05 8.547087912931756321e-03
9.919179865720161027e-02 4.562307477676732489e-05 2.657689006188043810e-05 8.676617663212484247e-03
1.006810488151870242e-01 4.094922259458155128e-05 2.383480979617913774e-05 8.808154752794176284e-03
1.021926920888917012e-01 6.182488942889840730e-05 3.303340685383165140e-05 8.941732230528702877e-03
1.037270646925605028e-01 6.363336030431900579e-05 3.652327328634268885e-05 9.077383779051886870e-03
1.052845078958136726e-01 6.798691733561164276e-05 3.931051274249884462e-05 9.215143730621506296e-03
1.068653680995512306e-01 4.247715107909837585e-05 2.661465051325458746e-05 9.355047083478520986e-03
1.084699969129978153e-01 1.363229910534417018e-05 9.643265297759676181e-06 9.497129518751984065e-03
1.100987512319065720e-01 3.662793523893054335e-05 2.877063518413691359e-05 9.641427417928715229e-03
1.117519933179384889e-01 4.881363262991267056e-05 3.529241374985019075e-05 9.787977880909947206e-03
