1.558884260815966705e-02 7.437614262430057854e-01 6.693892217364048880e-02 1.354854436413391707e-03
1.581576805849158399e-02 8.678657250050419991e-01 7.369595543735492360e-02 1.374707886961301249e-03
1.604621119317539354e-02 8.194907893886393957e-01 6.375726726050610915e-02 1.394867091106566023e-03
1.628022326661617350e-02 6.588092478249549799e-01 4.538231566583075804e-02 1.415336534652678795e-03
1.651785632700630835e-02 8.501612291003236566e-01 6.207274183334048762e-02 1.436120772876342284e-03
1.675916322790208662e-02 7.655736695519153034e-01 5.312948877800861142e-02 1.457224431560820953e-03
1.700419763997923495e-02 8.023577406286096503e-01 5.610623087556487754e-02 1.478652208046363995e-03
1.725301406297032394e-02 7.957094255727268362e-01 5.460912771037763208e-02 1.500408872298006346e-03
1.750566783778648855e-02 7.285420853972088828e-01 4.791128694513478725e-02 1.522499267991050866e-03
1.776221515882630067e-02 6.304812518209971239e-01 4.030402399054879709e-02 1.544928313614519436e-03
1.802271308647438591e-02 4.917985646226594176e-01 2.923823892880188929e-02 1.567701003592906258e-03
1.828721955979270217e-02 5.059087343932162639e-01 3.013058857057610701e-02 1.590822409426546034e-03
1.855579340940726948e-02 4.482055296268206424e-01 2.534172430692383307e-02 1.614297680850924031e-03
1.882849437059310599e-02 3.473402963836608182e-01 1.833069535654630045e-02 1.638132047015277348e-03
1.910538309656046804e-02 2.699284987561270110e-01 1.372551799234213513e-02 1.662330817680816994e-03
1.938652117194516675e-02 1.896211066261727085e-01 9.185364218644702719e-03 1.686899384438941569e-03
1.967197112650610411e-02 1.393482950053251124e-01 6.941941194433451194e-03 1.711843221949797952e-03
1.996179644903300562e-02 1.044473007133749770e-01 5.398569395339962787e-03 1.737167889201564125e-03
2.025606160146740248e-02 6.535715853737350534e-02 3.587520143931662020e-03 1.762879030790837510e-03
2.055483203324014185e-02 5.188634388160277139e-02 3.015670702872585464e-03 1.788982378224519354e-03
2.085817419582846818e-02 3.629116379222875610e-02 2.187314623320231900e-03 1.815483751243606716e-03
2.116615555753598166e-02 3.589026854397433380e-02 2.186954145310221823e-03 1.842389059169290393e-03
2.147884461849873874e-02 3.827315710427650619e-02 2.114994650057048804e-03 1.869704302271793994e-03
2.179631092592092603e-02 4.293380668044550347e-02 2.272913125167711369e-03 1.897435573162397585e-03
2.211862508954330273e-02 5.747592190845976501e-02 2.754958877478987100e-03 1.925589058209067461e-03
2.244585879734804085e-02 6.288430263369887419e-02 2.766161766497307953e-03 1.954171038976179695e-03
2.277808483150336669e-02 7.078521855002689600e-02 2.897583681605037185e-03 1.983187893688795680e-03
2.311537708455155965e-02 7.102659759305447740e-02 2.796227225468641674e-03 2.012646098721961908e-03
2.345781057584387166e-02 7.323956446115281738e-02 2.728911267631885934e-03 2.042552230115575029e-03
2.380546146822620432e-02 6.728573269106619126e-02 2.470648558133776811e-03 2.072912965115265588e-03
2.415840708497891953e-02 7.400544119997479187e-02 2.687940643141588370e-03 2.103735083739868578e-03
2.451672592701490544e-02 6.241825945114377883e-02 2.298752286931781113e-03 2.135025470376015946e-03
2.488049769033951614e-02 5.631082465230000805e-02 2.089706935258053930e-03 2.166791115400390575e-03
2.524980328377623637e-02 4.923318459594409197e-02 1.888621121762546710e-03 2.199039116830225037e-03
2.562472484696226224e-02 3.992422337590174897e-02 1.569829692286250043e-03 2.231776682002641846e-03
2.600534576861768254e-02 3.078592019397801902e-02 1.270280749788745781e-03 2.265011129283420709e-03
2.639175070509256968e-02 2.428725666417445514e-02 1.081518277026891723e-03 2.298749889805841960e-03
2.678402559919590420e-02 1.951798180884909556e-02 9.466681747696243472e-04 2.333000509240208600e-03
2.718225769931078423e-02 1.217576027492320474e-02 6.937644555883386820e-04 2.367770649594766377e-03
2.758653557879988186e-02 9.360598655772026447e-03 5.840511517568023649e-04 2.403068091048639072e-03
2.799694915570563949e-02 5.670657687890419060e-03 4.249839183863447084e-04 2.438900733817525764e-03
2.841358971274954986e-02 5.785970066415755363e-03 4.295606492706682085e-04 2.475276600052857007e-03
2.883654991763496753e-02 5.279292502400341480e-03 4.014290760805083432e-04 2.512203835775169737e-03
2.926592384365791708e-02 5.497683097165483729e-03 4.029657704933694933e-04 2.549690712842455059e-03
2.970180699063064422e-02 7.300469540732800952e-03 4.633041711983147963e-04 2.587745630954282547e-03
3.014429630612223965e-02 9.769753955758585934e-03 5.263226721462711160e-04 2.626377119692494249e-03
3.059349020702150160e-02 1.200560459082873448e-02 5.834464683672774135e-04 2.665593840599345295e-03
3.104948860142642958e-02 1.279224993084192991e-02 5.824794947243149045e-04 2.705404589293921181e-03
3.151239291086543881e-02 1.483158712884785277e-02 6.264165369659120295e-04 2.745818297627750267e-03
3.198230609285526715e-02 1.490014999062908886e-02 6.072489260640341700e-04 2.786844035880527409e-03
3.245933266380032073e-02 1.479986986050436416e-02 5.917265767985078204e-04 2.828491014996895037e-03
3.294357872223889483e-02 1.439100805944809949e-02 5.829058753693934980e-04 2.870768588865293437e-03
3.343515197244131820e-02 1.357185974072067439e-02 5.439762971776363918e-04 2.913686256639863408e-03
3.393416174836508953e-02 1.197812005314258937e-02 4.898451415773406002e-04 2.957253665106463359e-03
3.444071903797257111e-02 1.063890401771405009e-02 4.620462822495656529e-04 3.001480611093904158e-03
3.495493650791652723e-02 8.427853814247432407e-03 3.915913410207110716e-04 3.046377043931485472e-03
3.547692852859912760e-02 6.382604458663601946e-03 3.268695953408105349e-04 3.091953067954041415e-03
3.600681119960971038e-02 5.129790929735225831e-03 2.892443310047547716e-04 3.138218945055646063e-03
3.654470237554731382e-02 3.988438204898378178e-03 2.528362294522515678e-04 3.185185097293243440e-03
3.709072169223349286e-02 2.842741364942345632e-03 2.021402862165326108e-04 3.232862109541489570e-03
3.764499059332123559e-02 1.682398313243816399e-03 1.506389736336028622e-04 3.281260732200102018e-03
3.820763235730609969e-02 1.290197590487293699e-03 1.320390336121946798e-04 3.330391883955123328e-03
3.877877212494534875e-02 1.561156206249619555e-03 1.452134481109402478e-04 3.380266654595492221e-03
3.935853692709131990e-02 1.583914196440371633e-03 1.453185346915759478e-04 3.430896307886400088e-03
3.994705571294520502e-02 2.128108242955544221e-03 1.664683973462954532e-04 3.482292284500966735e-03
4.054445937873743522e-02 2.693435417221213841e-03 1.859684749550568434e-04 3.534466205011760603e-03
4.115088079684118411e-02 2.870954059464976126e-03 1.821038138216956356e-04 3.587429872943883897e-03
4.176645484532536673e-02 3.410252608068020750e-03 1.963283596386142802e-04 3.641195277891199917e-03
4.239131843795375387e-02 3.468435923416964602e-03 1.981114206349013146e-04 3.695774598697557436e-03
4.302561055463680756e-02 3.425381653321720853e-03 1.977283037588384914e-04 3.751180206704744259e-03
4.366947227234314888e-02 3.657133756571426947e-03 2.000718753872808813e-04 3.807424669069091588e-03
4.432304679647737500e-02 3.309569832406258991e-03 1.859260271895924778e-04 3.864520752148676869e-03
4.498647949273125446e-02 2.608183229328081294e-03 1.634919898160823253e-04 3.922481424963120480e-03
4.565991791941552413e-02 2.159758952623016832e-03 1.500316111043039204e-04 3.981319862728093482e-03
4.634351186027923369e-02 1.668697672491224401e-03 1.259149542746403473e-04 4.041049450466690542e-03
4.703741335782414545e-02 1.229257262039358187e-03 1.054829009773819659e-04 4.101683786699936163e-03
4.774177674712143382e-02 9.220354805725315076e-04 9.152913702959671906e-05 4.163236687218734890e-03
4.845675869013835874e-02 6.618485382208803358e-04 7.739811144872896860e-05 4.225722188939742656e-03
4.918251821058253898e-02 6.435400789015876914e-04 7.642736060251123552e-05 4.289154553847600478e-03
4.991921672927129155e-02 8.666328451515559368e-04 8.841423131095245880e-05 4.353548273026199358e-03
5.066701810003441941e-02 1.103827834643738388e-03 9.834597546746395977e-05 4.418918070781683444e-03
5.142608864615789283e-02 1.025713966986381521e-03 9.160725993277480002e-05 4.485278908859951369e-03
5.219659719737692466e-02 1.271117244370565443e-03 1.024892785237041824e-04 4.552645990761664679e-03
5.297871512742645395e-02 1.296468192778029707e-03 1.065251996114429219e-04 4.621034766157708015e-03
5.377261639215753092e-02 1.281690381548158562e-03 1.034223205554313067e-04 4.690460935408328515e-03
5.457847756822784696e-02 1.290747662765397326e-03 1.030412676021644046e-04 4.760940454189170612e-03
5.539647789237539532e-02 1.110438003003886469e-03 9.704916448736562132e-05 4.832489538227645320e-03
5.622679930128362397e-02 8.748957829785214196e-04 8.708755550305010914e-05 4.905124668153150284e-03
5.706962647204709416e-02 6.570691661509392868e-04 7.456960379641946243e-05 4.978862594464811275e-03
5.792514686324673479e-02 6.457218929470287441e-04 7.516892268233991124e-05 5.053720342620578003e-03
5.879355075664378927e-02 3.502170751158945137e-04 5.469660936317386548e-05 5.129715218251624208e-03
5.967503129950141316e-02 3.267721918989101955e-04 5.327786667454378189e-05 5.206864812506166798e-03
6.056978454754394225e-02 3.110319302657428260e-04 5.278789596418279739e-05 5.285187007527030432e-03
6.147800950856287944e-02 4.205490113397265632e-04 6.245330838172595078e-05 5.364699982067368082e-03
6.239990818667946748e-02 3.310198421116426217e-04 5.466398842806186005e-05 5.445422217249203112e-03
6.333568562727370788e-02 4.934328561333129262e-04 6.399892645746043730e-05 5.527372502469587653e-03
6.428554996258986631e-02 4.802697354753488281e-04 6.427058147367657444e-05 5.610569941459420118e-03
6.524971245802846376e-02 4.806805157208958782e-04 6.877903082078143317e-05 5.695033958500092183e-03
6.622838755913514064e-02 6.559936509886425552e-04 8.021494414210690431e-05 5.780784304803437447e-03
6.722179293929692045e-02 3.801884160863190990e-04 5.926661066312393408e-05 5.867841065060573624e-03
6.823014954815631583e-02 2.914977684215199275e-04 5.364688032516198418e-05 5.956224664165548494e-03
6.925368166075415721e-02 1.623805180373628985e-04 3.963248512698790729e-05 6.045955874119851581e-03
7.029261692741201051e-02 1.956527576680521484e-04 4.655426850805021431e-05 6.137055821124190978e-03
7.134718642436541081e-02 1.630519997378479752e-04 4.372859916734019226e-05 6.229545992864094286e-03
7.241762470515891725e-02 2.523765789873626221e-04 5.366313333693425807e-05 6.323448245996266502e-03
7.350416985281475746e-02 1.987699109765708239e-04 4.524223802612662544e-05 6.418784813842799003e-03
7.460706353278634406e-02 3.207671100955577386e-04 6.357159390735377569e-05 6.515578314300755729e-03
7.572655104670864001e-02 1.580853135287743150e-04 4.409499886127693621e-05 6.613851757974802299e-03
7.686288138695723804e-02 1.128368406248483782e-04 3.722313636980965630e-05 6.713628556541025201e-03
7.801630729202843617e-02 1.692117779170658096e-04 4.476269534641840706e-05 6.814932531350292866e-03
7.918708530275232749e-02 2.288380020479702530e-04 5.478681652280167680e-05 6.917787922279925068e-03
8.037547581935174101e-02 1.068525882203339995e-04 3.687899384915228261e-05 7.022219396842730235e-03
8.158174315935956544e-02 1.035230463319611403e-04 3.592818537405634787e-05 7.128252059562982003e-03
8.280615561640705669e-02 3.772311606450541647e-05 2.135726798021907570e-05 7.235911461629042536e-03
8.404898551989720135e-02 8.339502458574387875e-05 3.221596272663893056e-05 7.345223610833084317e-03
8.531050929557477958e-02 1.497738010680968565e-04 4.567686282740310007e-05 7.456214981808398541e-03
8.659100752700819859e-02 1.503737188972422507e-04 4.725130190227671607e-05 7.568912526575604857e-03
8.789076501799590602e-02 1.478030828339882657e-04 4.584381850650224200e-05 7.683343685409228102e-03
8.921007085591128871e-02 7.931172085995576604e-05 3.352509314084856475e-05 7.799536398036717444e-03
9.054921847600064244e-02 9.447402067275123441e-05 3.870296918463759757e-05 7.917519115182515901e-03
9.190850572664775731e-02 3.839200230859600340e-05 2.394282581250191334e-05 8.037320810470174187e-03
9.328823493562050928e-02 5.269690576899814023e-05 3.039179412949124555e-05 8.158970992696213190e-03
9.468871297731325243e-02 1.769369770116976205e-05 1.769633910865802545e-05 8.282499718489778548e-03
9.611025134100094347e-02 4.905115693180373546e-05 2.678039235497792184e-05 8.407937605372966042e-03
9.755316620011941775e-02 7.159989975668378079e-05 3.206365680310136894e-05 8.535315845237074692e-03
9.901777848258735970e-02 8.646970512403426355e-05 3.731468895793298987e-05 8.664666218250818147e-03
1.005044139421862465e-01 9.179132939515687799e-05 4.145497174041469030e-05 8.796021107217121687e-03
1.020134032310130445e-01 2.431398296405212989e-05 2.181565251650156579e-05 8.929413512395820846e-03
1.035450819730228539e-01 4.466589674619882258e-05 3.052200539727482084e-05 9.064877066810294107e-03
1.050997908386770013e-01 7.197724982730958855e-05 4.158297939928103212e-05 9.202446052056828876e-03
1.066778756207139994e-01 4.380422589596985383e-05 3.132848363238628419e-05 9.342155414636170441e-03
1.082796873110591224e-01 4.783418738070642013e-05 3.092015987322190192e-05 9.484040782827699370e-03
1.099055821788912091e-01 3.918573958990135766e-05 2.972272432548329422e-05 9.628138484127293437e-03
1.115559218498824307e-01 5.916670981261326384e-05 4.185549044029663538e-05 9.774485563270955343e-03
1.132310733866299934e-01 2.652665636187731782e-05 2.653331102701228961e-05 9.923119800867127166e-03
1.149314093702966805e-01 1.076377818931615986e-04 5.946519033190349792e-05 1.007407973266146589e-02
1.166573079834791749e-01 1.796558591171879874e-05 1.270988130308373821e-05 1.022740466945900976e-02
