1.559157024413965024e-02 8.050017292595706975e-01 7.211598368844371332e-02 1.355041335428519350e-03
1.581853667860484355e-02 8.212211682875498742e-01 6.993558326231452682e-02 1.374897574988601361e-03
1.604902141320811368e-02 8.298750267305032846e-01 6.450940145743869203e-02 1.395059610304378358e-03
1.628307571160704167e-02 7.121156911796986400e-01 4.884357594182458379e-02 1.415531927810761851e-03
1.652075163138557248e-02 8.488963196768503083e-01 6.199739815710348517e-02 1.436319083425441605e-03
1.676210203563262280e-02 7.485241709788469366e-01 5.201032840497029491e-02 1.457425703582381415e-03
1.700718060469979392e-02 7.944548903034084342e-01 5.558452817186163714e-02 1.478856486282396692e-03
1.725604184814090100e-02 8.000892132453870653e-01 5.490039086583349548e-02 1.500616202161110090e-03
1.750874111683590334e-02 7.437866285768796049e-01 4.887362500212408950e-02 1.522709695574586989e-03
1.776533461530195937e-02 6.367132542961537744e-01 4.068769090320549509e-02 1.545141885702948793e-03
1.802587941419431586e-02 4.953246530628904742e-01 2.944774078275538831e-02 1.567917767672284517e-03
1.829043346299989020e-02 4.939725677134235160e-01 2.946306054870580574e-02 1.591042413695187459e-03
1.855905560292626585e-02 4.477358168503806635e-01 2.531410089165967575e-02 1.614520974230226587e-03
1.883180557998903951e-02 3.295963699537762248e-01 1.747526973653001220e-02 1.638358679160723018e-03
1.910874405830039618e-02 2.620014362311050005e-01 1.337057596463643930e-02 1.662560838993138411e-03
1.938993263356189947e-02 1.879637328934349594e-01 9.111511677675175613e-03 1.687132846075470143e-03
1.967543384676446322e-02 1.440404921492609014e-01 7.127494713364299767e-03 1.712080175835986118e-03
1.996531119809857521e-02 1.087266756068185486e-01 5.570526855290427147e-03 1.737408388042690176e-03
2.025962916107783979e-02 7.315164446230582040e-02 3.892671190637459703e-03 1.763123128083893655e-03
2.055845319687903822e-02 5.013870035318827162e-02 2.940522846368281984e-03 1.789230128270289082e-03
2.086184976890183285e-02 3.270697396531237894e-02 2.033379647128063464e-03 1.815735209158930155e-03
2.116988635755138320e-02 3.710099789134463366e-02 2.225830854494056064e-03 1.842644280899526565e-03
2.148263147524713881e-02 3.599053269475332301e-02 2.031853359249482724e-03 1.869963344603478008e-03
2.180015468166121573e-02 4.346846051611175099e-02 2.292408930908271161e-03 1.897698493736097542e-03
2.212252659918964234e-02 5.685038389624631761e-02 2.735329883278006177e-03 1.925855915532448219e-03
2.244981892866003068e-02 6.475907360004898305e-02 2.827110527810220309e-03 1.954441892437272857e-03
2.278210446527901764e-02 7.002304462464241375e-02 2.882051298276423583e-03 1.983462803569480994e-03
2.311945711482320601e-02 7.486244310014175674e-02 2.907881236232871987e-03 2.012925126211661392e-03
2.346195191007703976e-02 7.203213303708561055e-02 2.699386637042703544e-03 2.042835437325171526e-03
2.380966502752141639e-02 7.060245775271728474e-02 2.560407404767276341e-03 2.073200415091236860e-03
2.416267380427658193e-02 7.022697210934451817e-02 2.589666009539670719e-03 2.104026840478653848e-03
2.452105675530325338e-02 6.387706316503843906e-02 2.335679323174143056e-03 2.135321598838610998e-03
2.488489359086566016e-02 5.693100462262271066e-02 2.105894925742653190e-03 2.167091681527175736e-03
2.525426523426045275e-02 4.775133403552959954e-02 1.851476563359745042e-03 2.199344187556039054e-03
2.562925383981540239e-02 3.883250238331521081e-02 1.542859054224511323e-03 2.232086325272089524e-03
2.600994281116193046e-02 3.054374079855710564e-02 1.265035833361501843e-03 2.265325414066436845e-03
2.639641681978546067e-02 2.616666331677483526e-02 1.132429718526957018e-03 2.299068886113503785e-03
2.678876182385778182e-02 1.819335804252484104e-02 9.075168887370980509e-04 2.333324288140808857e-03
2.718706508735559482e-02 1.279587807297682435e-02 7.162992025266995064e-04 2.368099283230146179e-03
2.759141519946947327e-02 8.225045291678190554e-03 5.462440649006297753e-04 2.403401652650785300e-03
2.800190209430757429e-02 5.739928718391482630e-03 4.261966967879937283e-04 2.439239297725446891e-03
2.841861707089851988e-02 5.353987629670495588e-03 4.058642221286502469e-04 2.475620241729733009e-03
2.884165281349777843e-02 5.143009360217187277e-03 3.916867363541836592e-04 2.512552631825784328e-03
2.927110341220221651e-02 6.443427235891734800e-03 4.377875270752787417e-04 2.550044741030917193e-03
2.970706438387733100e-02 7.987555351665743750e-03 4.846888023082757428e-04 2.588104970222040221e-03
3.014963269340172405e-02 8.859566877072360194e-03 4.956592629951473263e-04 2.626741850176651013e-03
3.059890677523374042e-02 1.040542217201859479e-02 5.381276389613903147e-04 2.665964043651277739e-03
3.105498655530493715e-02 1.237269988836402733e-02 5.733833767949770644e-04 2.705780347498211707e-03
3.151797347324526710e-02 1.406804396677655174e-02 6.074011706353954964e-04 2.746199694821438182e-03
3.198797050494490979e-02 1.396757636957896703e-02 5.869471990112009544e-04 2.787231157172677908e-03
3.246508218545784974e-02 1.469670628639728471e-02 5.901758853591091260e-04 2.828883946788506888e-03
3.294941463225214973e-02 1.507282838263521857e-02 5.944491412446927404e-04 2.871167418869541906e-03
3.344107556881231735e-02 1.434296226149803927e-02 5.585905623483732475e-04 2.914091073902680580e-03
3.394017434859875060e-02 1.334612300123068883e-02 5.210400354949146912e-04 2.957664560027481460e-03
3.444682197936969892e-02 1.100135158640920367e-02 4.693335184092741678e-04 3.001897675447744943e-03
3.496113114787132575e-02 8.688646186632703605e-03 3.979816032422530216e-04 3.046800370889431262e-03
3.548321624490102799e-02 7.235880487374048327e-03 3.516225061992892475e-04 3.092382752106063483e-03
3.601319339074986192e-02 5.677592978942921052e-03 3.060379333608790340e-04 3.138655082432828102e-03
3.655118046102964757e-02 4.126909360240685158e-03 2.573896396265388663e-04 3.185627785390590574e-03
3.709729711289036502e-02 2.809709196149465672e-03 2.013668984727494567e-04 3.233311447341130716e-03
3.765166481163397666e-02 2.019719389722240271e-03 1.675876660047998055e-04 3.281716820194910313e-03
3.821440685773026119e-02 1.612439446166671984e-03 1.479534834387126029e-04 3.330854824172744654e-03
3.878564841424084891e-02 1.494512361339951590e-03 1.413834084003844993e-04 3.380736550622800030e-03
3.936551653465760608e-02 1.493986350169362138e-03 1.408016617054655634e-04 3.431373264894389992e-03
3.995414019116139137e-02 2.061956790349357346e-03 1.636585130477604549e-04 3.482776409270087799e-03
4.055165030330758896e-02 2.896719853770140379e-03 1.930695389062051469e-04 3.534957605957711121e-03
4.115817976714480908e-02 3.047745913273184216e-03 1.887563843565892195e-04 3.587928660143865564e-03
4.177386348477307720e-02 3.741109709553541631e-03 2.068665808477648728e-04 3.641701563110646446e-03
4.239883839434840929e-02 3.536460120467379946e-03 1.994484678721702249e-04 3.696288495417356275e-03
4.303324350053995551e-02 3.754024155189317896e-03 2.067162779056291367e-04 3.751701830148952265e-03
4.367721990544708166e-02 3.264844098073529152e-03 1.868383013804360857e-04 3.807954136233161150e-03
4.433091083998268178e-02 3.425036923447241644e-03 1.898975129672974247e-04 3.865058181828204178e-03
4.499446169573011189e-02 2.778009562457153022e-03 1.689684732068140645e-04 3.923026937783130261e-03
4.566802005728072544e-02 2.003491292170885615e-03 1.430276754286261129e-04 3.981873581172867133e-03
4.635173573505904643e-02 1.656069074545560944e-03 1.248862022983818459e-04 4.041611498910159354e-03
4.704576079864311589e-02 1.266922130902509505e-03 1.084309713505734655e-04 4.102254291436646140e-03
4.775024961058722817e-02 6.750256455855983221e-04 7.820779341983679419e-05 4.163815776495399627e-03
4.846535886075470367e-02 6.421363836160230276e-04 7.686599828502407969e-05 4.226309992987405985e-03
4.919124760116834472e-02 6.273466159462715063e-04 7.575428440740644600e-05 4.289751204914405390e-03
4.992807728138611706e-02 6.517636969836669352e-04 7.678652466745972604e-05 4.354153905410807456e-03
5.067601178441028670e-02 9.121228743587736628e-04 8.994916426514094757e-05 4.419532820867326690e-03
5.143521746313766546e-02 1.077020975347477627e-03 9.533801054434657904e-05 4.485902915149172533e-03
5.220586317735910475e-02 1.020753146665545489e-03 9.016892191496252379e-05 4.553279393911715232e-03
5.298812033131689025e-02 1.278263491791234007e-03 1.054872084175753410e-04 4.621677709016675482e-03
5.378216291182773279e-02 1.430967202058742354e-03 1.101368630678633290e-04 4.691113563051965522e-03
5.458816752698029268e-02 1.335365902185967242e-03 1.054413536786051971e-04 4.761602913958480274e-03
5.540631344541575160e-02 1.052623533999047598e-03 9.366238324397026260e-05 4.833161979767207350e-03
5.623678263620010553e-02 8.810576333202851896e-04 8.522017734609732152e-05 4.905807243450245082e-03
5.707975980929703985e-02 7.273766297259038650e-04 7.751281290117779412e-05 4.979555457889341119e-03
5.793543245665047636e-02 5.366961342772475505e-04 6.700650283341013844e-05 5.054423650965807896e-03
5.880399089388587547e-02 4.541061595610755802e-04 6.108327221496869007e-05 5.130429130775767538e-03
5.968562830263951513e-02 3.995580230589857091e-04 5.900258718222292398e-05 5.207589490974859174e-03
6.058054077352526684e-02 4.188529903044300876e-04 6.195776537618315704e-05 5.285922616256676955e-03
6.148892734974841651e-02 3.365458107186484614e-04 5.405098489470500263e-05 5.365446687969424762e-03
6.241099007137607124e-02 4.452089801565232161e-04 6.230281388322881123e-05 5.446180189875399376e-03
6.334693402027419262e-02 4.970819750701868309e-04 6.463673688910519146e-05 5.528141914058124634e-03
6.429696736572124149e-02 3.610437077564816960e-04 5.353073780077103005e-05 5.611350966982175080e-03
6.526130141070830837e-02 6.093489831334456463e-04 7.664739188901952623e-05 5.695826775710846439e-03
6.624015063893651245e-02 3.952507621717538089e-04 6.020912112930560691e-05 5.781589094287179799e-03
6.723373276252161967e-02 3.616134256908572339e-04 5.917677580267434402e-05 5.868658010283890614e-03
6.824226877041675299e-02 2.967085080280339941e-04 5.326655629939197639e-05 5.957053951528133544e-03
6.926598297756401956e-02 2.749276634426357411e-04 5.389023519372499707e-05 6.046797693007190284e-03
7.030510307478579635e-02 1.173823853932571653e-04 3.667231709711988062e-05 6.137910363961432067e-03
7.135986017942698434e-02 1.162975215732348257e-04 3.689331695531258929e-05 6.230413455171160061e-03
7.243048888675918118e-02 2.002223783497572400e-04 4.684172204373618299e-05 6.324328826444232214e-03
7.351722732215858203e-02 1.917895378013547900e-04 4.496536991139764262e-05 6.419678714311581082e-03
7.462031719406893304e-02 2.050389297219314382e-04 5.017559008113345114e-05 6.516485739938150494e-03
7.574000384776152783e-02 2.461543234277360380e-04 5.567517784387815839e-05 6.614772917256923727e-03
7.687653631990393199e-02 1.629153663835660045e-04 4.459255703415709789e-05 6.714563661334179041e-03
7.803016739394987022e-02 2.817800903514245054e-04 5.872955453130925132e-05 6.815881796974334814e-03
7.920115365636233584e-02 1.800400754448288417e-04 4.720252268404074957e-05 6.918751567573142892e-03
8.038975555368284287e-02 1.468454569022447655e-04 4.479055392476710815e-05 7.023197644228334861e-03
8.159623745045870014e-02 7.810684662326873823e-05 3.262285157719323599e-05 7.129245135117186737e-03
8.282086768804224064e-02 1.863098450059182728e-04 5.137074241158459919e-05 7.236919595150878744e-03
8.406391864427427418e-02 4.469807885554659535e-05 2.274285982871304413e-05 7.346247035915915401e-03
8.532566679406543286e-02 9.557991703544950382e-05 3.729062082862780197e-05 7.457253935913270119e-03
8.660639277088857946e-02 1.256172010288172773e-04 4.425547034256573949e-05 7.569967251106428548e-03
8.790638142919643405e-02 1.001490981543245724e-04 3.717963848866392859e-05 7.684414425789898653e-03
8.922592190777785259e-02 5.616608210120828897e-05 2.642464940827606571e-05 7.800623403790226534e-03
9.056530769406698211e-02 9.205690955518121374e-05 3.773087922026320393e-05 7.918622640012095565e-03
9.192483668941975328e-02 9.111696327625621857e-05 3.773421603657822244e-05 8.038441112342599101e-03
9.330481127537196273e-02 7.215879311783182247e-05 3.514849204344701897e-05 8.160108333927263563e-03
9.470553838089386389e-02 4.002141458642215400e-05 2.419476855102182036e-05 8.283654365832008454e-03
9.612732955065632356e-02 8.437578943438745307e-05 3.793882024318419397e-05 8.409109830105813629e-03
9.757050101432329647e-02 4.221362486841253740e-05 2.154755855024887432e-05 8.536505923259387132e-03
9.903537375688666045e-02 1.230714051213886533e-04 4.541175655360121609e-05 8.665874430175938767e-03
1.005222735900583586e-01 4.187698155313440229e-05 2.724298804927274381e-05 8.797247738470537551e-03
1.020315312247364187e-01 3.909299807957747260e-05 2.781174507731728920e-05 8.930658853315540796e-03
1.035634823445605035e-01 2.292903100060138152e-05 2.293349280501939615e-05 9.066141412750026649e-03
1.051184676805732160e-01 2.202324091415715964e-05 2.202799303979108780e-05 9.203729703492029290e-03
1.066968330870045195e-01 7.810177148603421251e-05 4.369080824299526733e-05 9.343458677273102850e-03
1.099251136066774770e-01 7.331188008986319973e-05 4.073160452929679317e-05 9.629481907773820154e-03
1.115757467424285942e-01 3.853519881998699329e-05 2.726042483912216748e-05 9.775849547760806849e-03
1.149518344867579422e-01 6.835331522387926744e-05 4.835764693627675036e-05 1.007548582801496423e-02
