1.559105464403281321e-02 7.811682889338490421e-01 7.009758702366394867e-02 1.355006005714670236e-03
1.581801333134124493e-02 8.003487880266123566e-01 6.824900484646380383e-02 1.374861718064257152e-03
1.604849020238680382e-02 8.251511316890580705e-01 6.416854700152983815e-02 1.395023218200303755e-03
1.628253651907808977e-02 6.705196744724988278e-01 4.613913247524998457e-02 1.415494992438363691e-03
1.652020433722377335e-02 8.526433143629954525e-01 6.225718492023053774e-02 1.436281596574959761e-03
1.676154651811083071e-02 7.713414812851087099e-01 5.351567828727192555e-02 1.457387656921053237e-03
1.700661674026185399e-02 8.112061886269252842e-01 5.670137255778249369e-02 1.478817871352592185e-03
1.725546951137416768e-02 8.135610251884557442e-01 5.578996410942767270e-02 1.500577010378436943e-03
1.750816018044334607e-02 7.709320619098791738e-01 5.058350745770824608e-02 1.522669918225968283e-03
1.776474495007384496e-02 6.673168050969270348e-01 4.255517534030098942e-02 1.545101513944667753e-03
1.802528088897947800e-02 5.345149819738659325e-01 3.164610375274351517e-02 1.567876792528001290e-03
1.828982594467654099e-02 5.511562866799915028e-01 3.267427887133376313e-02 1.591000826053922497e-03
1.855843895637241531e-02 4.916304019271146020e-01 2.763196489844515699e-02 1.614478764844315840e-03
1.883117966805241544e-02 3.912307574710104929e-01 2.045609460094465620e-02 1.638315838643736484e-03
1.910810874176796514e-02 3.058983572387423688e-01 1.536341208687901951e-02 1.662517357817772014e-03
1.938928777112888455e-02 2.270298954701815142e-01 1.072839250585807570e-02 1.687088714571397929e-03
1.967477929500291434e-02 1.801896538716674934e-01 8.591358341366083298e-03 1.712035384187683609e-03
1.996464681142548145e-02 1.303793359386664075e-01 6.430560655371735275e-03 1.737362926287221079e-03
2.025895479172274902e-02 8.202014103173989323e-02 4.238281902791502138e-03 1.763076986108664049e-03
2.055776869485117023e-02 6.230559728412726067e-02 3.423911640590147736e-03 1.789183295810761916e-03
2.086115498195675183e-02 4.109211705743285453e-02 2.372930111972777929e-03 1.815687675796310479e-03
2.116918113115710473e-02 3.296248392530080201e-02 2.074714559801809580e-03 1.842596036058401221e-03
2.148191565254977189e-02 2.913744998839741182e-02 1.780504061674264464e-03 1.869914377549426266e-03
2.179942810345008794e-02 3.523426422933959717e-02 2.003852363984787600e-03 1.897648793573260316e-03
2.212178910386187330e-02 4.768460331619771980e-02 2.430478137680914651e-03 1.925805471201057608e-03
2.244907035218457816e-02 5.021072213169667370e-02 2.371549582793117724e-03 1.954390692711143514e-03
2.278134464116023453e-02 5.881008883660729381e-02 2.547066083380904785e-03 1.983410837053463556e-03
2.311868587406376921e-02 6.418440339911420101e-02 2.607641511678906662e-03 2.012872381339052535e-03
2.346116908114037961e-02 6.310596086902715840e-02 2.457907857864715957e-03 2.042781902355082606e-03
2.380887043629356312e-02 6.413806954244848091e-02 2.391157115579631027e-03 2.073146078105923308e-03
2.416186727402743969e-02 6.891899792718814144e-02 2.555539047482385979e-03 2.103971689380797726e-03
2.452023810664728798e-02 6.128557996643873435e-02 2.268823456445058506e-03 2.135265621348564086e-03
2.488406264172200386e-02 5.760441696258289390e-02 2.121551104455940591e-03 2.167034865180154923e-03
2.525342179981240193e-02 5.035824050212509007e-02 1.917025611158944568e-03 2.199286519699277485e-03
2.562839773246933586e-02 4.198576272126175457e-02 1.621869438222313647e-03 2.232027793061944383e-03
2.600907384050555118e-02 3.362280050128621522e-02 1.343359240609646489e-03 2.265266004465445095e-03
2.639553479254546156e-02 2.693267718496705071e-02 1.148767590087780262e-03 2.299008585887393676e-03
2.678786654385686278e-02 1.970691003335871966e-02 9.474874198278401393e-04 2.333263083855463289e-03
2.718615635546882056e-02 1.478942604726727131e-02 7.738150001614113203e-04 2.368037161248513160e-03
2.759049281357997541e-02 1.143854400484344870e-02 6.519255709590538296e-04 2.403338599129739832e-03
2.800096584926162896e-02 6.536596452754867871e-03 4.566278998697406570e-04 2.439175298612604719e-03
2.841766675845989326e-02 5.571125594771893751e-03 4.168645077272946950e-04 2.475555282760206251e-03
2.884068822230140966e-02 4.759850920062870874e-03 3.775699878044935461e-04 2.512486698518884634e-03
2.927012432770722747e-02 4.518528216063651300e-03 3.621863245125795869e-04 2.549977818686809464e-03
2.970607058831927633e-02 6.304330873398746905e-03 4.274924916262992061e-04 2.588037043918333877e-03
3.014862396574419581e-02 7.017293929131748070e-03 4.389907755039308712e-04 2.626672904764941387e-03
3.059788289111918524e-02 9.223703004875511216e-03 5.056288641385896145e-04 2.665894063753624157e-03
3.105394728700474824e-02 1.009084129555917926e-02 5.100449599805995408e-04 2.705709317503558319e-03
3.151691858960913722e-02 1.305168803013582318e-02 5.805569934268492221e-04 2.746127598881976245e-03
3.198689977134944878e-02 1.381167442005250962e-02 5.815661342306004252e-04 2.787157979200146924e-03
3.246399536375434158e-02 1.365451913964257566e-02 5.638433360208480434e-04 2.828809670450428519e-03
3.294831148071366428e-02 1.477385193890109506e-02 5.896169326394455450e-04 2.871092027585399244e-03
3.343995584207985761e-02 1.354375632692865830e-02 5.433199896349876802e-04 2.914014550840021527e-03
3.393903779762673378e-02 1.260334697911729210e-02 5.063280523822185795e-04 2.957586888097961820e-03
3.444566835137057720e-02 1.205575906594669178e-02 4.970145059566548774e-04 3.001818837303107338e-03
3.495996018625931873e-02 9.920706991681908088e-03 4.293076588529046080e-04 3.046720348917404675e-03
3.548202768923508499e-02 7.865622903169005795e-03 3.690358753871398711e-04 3.092301528426199923e-03
3.601198697667573612e-02 6.003592384917335288e-03 3.157098898382647138e-04 3.138572638892265978e-03
3.654995592022105416e-02 5.498310488090489209e-03 2.999922134270026439e-04 3.185544103559740433e-03
3.709605417298936919e-02 3.233325862921944838e-03 2.161622864277275053e-04 3.233226508509289866e-03
3.765040319619038234e-02 2.194272192388853696e-03 1.745754611320495659e-04 3.281630605365801548e-03
3.821312628614009776e-02 1.868365518263632183e-03 1.601266585029073044e-04 3.330767314059966504e-03
3.878434860168402526e-02 1.594454822367057838e-03 1.463859656847947858e-04 3.380647725645213701e-03
3.936419719203449602e-02 1.680810438479414049e-03 1.495220097166929680e-04 3.431283105171403520e-03
3.995280102502857256e-02 2.297319940007484535e-03 1.729315209817724813e-04 3.482684894616876019e-03
4.055029101581256179e-02 2.641032768807531714e-03 1.839115523373662279e-04 3.534864715880333720e-03
4.115680005595975105e-02 3.001476050608593588e-03 1.871836091370544905e-04 3.587834373834306641e-03
4.177246304302761892e-02 3.599286619403768879e-03 2.034814911441752282e-04 3.641605859441763866e-03
4.239741691056134881e-02 3.853740764615950446e-03 2.103382803824495079e-04 3.696191352937733439e-03
4.303180065855000125e-02 3.976696997022477649e-03 2.128479012673926973e-04 3.751603227077656214e-03
4.367575538434250587e-02 3.672486858101830023e-03 1.987398790293669240e-04 3.807854050454412623e-03
4.432942431402999567e-02 3.331957193198854458e-03 1.876548232679645318e-04 3.864956590885941859e-03
4.499295283430158887e-02 3.325712218878719168e-03 1.878887259445478160e-04 3.922923818875472673e-03
4.566648852478085580e-02 2.855740455662013604e-03 1.726829065505875393e-04 3.981768911146476957e-03
4.635018119084988175e-02 2.366097180441313098e-03 1.501585420044837830e-04 4.041505254254494119e-03
4.704418289696853800e-02 1.690841627766552285e-03 1.235422414238385256e-04 4.102146448278108301e-03
4.774864800049605229e-02 1.335174984237304458e-03 1.104142266514981647e-04 4.163706310591375193e-03
4.846373318602259506e-02 7.597899451940413884e-04 8.273472301527546886e-05 4.226198879720176500e-03
4.918959750021859034e-02 7.443866100408134219e-04 8.321906353325708272e-05 4.289638419284960182e-03
4.992640238720921775e-02 6.630315165725578566e-04 7.705610131902356711e-05 4.354039422032524032e-03
5.067431172448232796e-02 7.781736334671391546e-04 8.198905842009267416e-05 4.419416613959533183e-03
5.143349185933743239e-02 9.169963073288279684e-04 8.851149671539961276e-05 4.485784958530582636e-03
5.220411164588405206e-02 1.102492980725162377e-03 9.682991374577949771e-05 4.553159660993736507e-03
5.298634248259768975e-02 1.137894077729031733e-03 1.000225471452630691e-04 4.621556172796578016e-03
5.378035835044168989e-02 1.178636931493012982e-03 9.993190154984880229e-05 4.690990196105923084e-03
5.458633585156337509e-02 1.214875567396667003e-03 9.977411449164401360e-05 4.761477688434463153e-03
5.540445424857332740e-02 1.093937083555101110e-03 9.507438885721523143e-05 4.833034867377739886e-03
5.623489550441630735e-02 9.458358322858011636e-04 8.909354313981291947e-05 4.905678215465007069e-03
5.707784432284283838e-02 8.027845801024464023e-04 8.208876708037186865e-05 4.979424485127624360e-03
5.793348818949026896e-02 5.756024725744736219e-04 6.952140453745626837e-05 5.054290703788813163e-03
5.880201741358277723e-02 4.850922112807502838e-04 6.350343508238921590e-05 5.130294179078742807e-03
5.968362517025916497e-02 3.096274359975392148e-04 5.186000440457781214e-05 5.207452504179075660e-03
6.057850754353819034e-02 3.273324157643187006e-04 5.522444858418714200e-05 5.285783563301229941e-03
6.148686356993093849e-02 2.500860091261760559e-04 4.804842994167771685e-05 5.365305537302862693e-03
6.240889528270971570e-02 3.544646889352726267e-04 5.657053471154649984e-05 5.446036909447178609e-03
6.334480775684363241e-02 3.758698514673561785e-04 5.570918598743898273e-05 5.527996471309876841e-03
6.429480915461059654e-02 4.753779442283287979e-04 6.547588324184010493e-05 5.611203328838779494e-03
6.525911077189611165e-02 4.213287939564700152e-04 6.415922531703378221e-05 5.695676908571324290e-03
6.623792708518876082e-02 3.414316253049620026e-04 5.664382435662774579e-05 5.781436964015358032e-03
6.723147579928348549e-02 3.770169772930758757e-04 5.859866060848397561e-05 5.868503582198886931e-03
6.823997789570263039e-02 2.964202369068642275e-04 5.165921519289172584e-05 5.956897190394622003e-03
6.926365768184580829e-02 2.438930096366874077e-04 4.933812606214984880e-05 6.046638563025433580e-03
7.030274284087963121e-02 2.476317540622030881e-04 5.249995018449076092e-05 6.137748828757106506e-03
7.135746448237811901e-02 1.294335164284022178e-04 3.915257356259067904e-05 6.230249477784931614e-03
7.242805719372534534e-02 1.345780946389492090e-04 3.865265835669949443e-05 6.324162369321105308e-03
7.351475909229138184e-02 2.016154477306568167e-04 4.769437891089700388e-05 6.419509739289988928e-03
7.461781187839357232e-02 2.113480584454435903e-04 5.179410913632910308e-05 6.516314208238793010e-03
7.573746088905475293e-02 2.327736605149156597e-04 5.429157452526250081e-05 6.614598789471352186e-03
7.687395515257003376e-02 1.523880207829122211e-04 4.292199527239414034e-05 6.714386897413091894e-03
7.802754744389489572e-02 1.431264866859196312e-04 4.076197208468116052e-05 6.815702356215600291e-03
7.919849434086648210e-02 2.207576896157447451e-04 5.292302813144177782e-05 6.918569408609542316e-03
8.038705628127072733e-02 1.363488265582914324e-04 4.057860012652084181e-05 7.023012725014986767e-03
8.159349762076791024e-02 1.256409780397811855e-04 3.963114289053072063e-05 7.129057412918680427e-03
8.281808669168970460e-02 1.137756400045431508e-04 3.744706255044123560e-05 7.236729026528074780e-03
8.406109586272084155e-02 7.504670528208913201e-05 2.872328460320736730e-05 7.346053576712432975e-03
8.532280159947820686e-02 1.100520629186494260e-04 4.001057976360177605e-05 7.457057541241613602e-03
8.660348452600130642e-02 1.480947590272942323e-04 4.513982223288787811e-05 7.569767875333783570e-03
8.790342948716775573e-02 1.330288995953879427e-04 4.116083624309016086e-05 7.684212022523548291e-03
8.922292561204750450e-02 1.476389120578385807e-04 4.573573892821549921e-05 7.800417925862602325e-03
9.056226637820967429e-02 9.770950851103275673e-05 3.645598840079189944e-05 7.918414039465431278e-03
9.192174967699698329e-02 6.247030289082974397e-05 2.953120164619400749e-05 8.038229340413193327e-03
9.330167787978156657e-02 5.816712032494452772e-05 3.053304534121628285e-05 8.159893341029317293e-03
9.470235790521727703e-02 8.605910878171435996e-05 3.726346675927659366e-05 8.283436101541037655e-03
9.612410128750362159e-02 6.386136114113349514e-05 3.061123085855027581e-05 8.408888243141612526e-03
9.756722424567583485e-02 1.091452834260206353e-04 4.165976330640210279e-05 8.536280961468543926e-03
9.903204775393739667e-02 3.083361506174811577e-05 2.180956877563310913e-05 8.665646040513858700e-03
1.005188976130496903e-01 2.551357825576946122e-05 2.177025389395003649e-05 8.797015866982978508e-03
1.020281045227957317e-01 6.334713351242420845e-05 3.532312564773050853e-05 8.930423445119651041e-03
1.035600041555330836e-01 2.062907643647458330e-05 2.009691717331424770e-05 9.065902412014829187e-03
1.051149372308528285e-01 4.597222502648739970e-05 3.255103786846502391e-05 9.203487053418387548e-03
1.066932495913612694e-01 5.288900848311541589e-05 3.566417206756460615e-05 9.343212320073093075e-03
1.082952922796009687e-01 2.629548950205855485e-05 2.630063774473430295e-05 9.485113844591330778e-03
1.099214216161284313e-01 5.430608060996058563e-05 3.841494487284424086e-05 9.629227958895546918e-03
1.132473923830427387e-01 2.650161882076966386e-05 2.650826716525388305e-05 9.924242889868874554e-03
1.149479735638513495e-01 5.102987983118400196e-06 5.104284352551423929e-06 1.007522003223794253e-02
1.166741210583239763e-01 8.974314426005289950e-06 8.976537738456131309e-06 1.022856245498578523e-02
