1.558845731342004513e-02 7.703589026857707855e-01 6.917209131843458925e-02 1.354828036378142881e-03
1.581537697450037527e-02 8.405712612354419022e-01 7.148970985671738998e-02 1.374681092970562448e-03
1.604581423294914461e-02 8.199818002066368017e-01 6.377810673332214020e-02 1.394839897205348142e-03
1.627982034186446769e-02 7.126407752431673792e-01 4.887223306374433029e-02 1.415308934796804087e-03
1.651744734811212700e-02 8.466250574525255868e-01 6.183276671225262228e-02 1.436092760931092583e-03
1.675874810390184932e-02 7.858998935193105551e-01 5.448652515927212420e-02 1.457196001299563334e-03
1.700377627854260040e-02 8.363726182334458858e-01 5.839097618258744238e-02 1.478623353149159528e-03
1.725258637037963352e-02 8.307065950402250376e-01 5.691893793192114720e-02 1.500379586350193695e-03
1.750523371891593918e-02 7.540643963150125417e-01 4.951771851207444064e-02 1.522469544481808851e-03
1.776177451712076735e-02 6.667036539792107197e-01 4.251407970621787213e-02 1.544898145935407483e-03
1.802226582392795623e-02 5.259246862410946743e-01 3.115995221626358461e-02 1.567670385036380558e-03
1.828676557692689164e-02 5.331218061360347704e-01 3.166026095410235525e-02 1.590791333184455973e-03
1.855533260524887262e-02 4.970978290577275915e-01 2.792171199581016880e-02 1.614266140012980211e-03
1.882802664265175244e-02 3.933799583249952270e-01 2.055946081769423339e-02 1.638100034567499877e-03
1.910490834080582484e-02 3.051685750951864673e-01 1.533118139027530615e-02 1.662298326503956671e-03
1.938603928278379018e-02 2.143209613285624870e-01 1.020427148399498558e-02 1.686866407306877218e-03
1.967148199675797238e-02 1.718301531842855168e-01 8.254014277818907258e-03 1.711809751527909682e-03
1.996129996990766292e-02 1.313084288867857330e-01 6.470003133606347552e-03 1.737133918045078839e-03
2.025555766253978041e-02 8.408896656741000897e-02 4.319052364955033516e-03 1.762844551343150995e-03
2.055432052242598187e-02 6.244126415975891770e-02 3.429489490266178758e-03 1.788947382815489744e-03
2.085765499935940404e-02 3.851979499664815593e-02 2.266304331066851252e-03 1.815448232087821722e-03
2.116562855993421588e-02 3.223014280102741436e-02 2.038895782353316449e-03 1.842353008364306559e-03
2.147830970255139305e-02 2.754762781612915892e-02 1.721303389875315174e-03 1.869667711796350147e-03
2.179576797265394064e-02 3.675049053040419650e-02 2.058405103272979708e-03 1.897398434874597280e-03
2.211807397819498533e-02 4.619762151004631195e-02 2.380961038294598410e-03 1.925551363844535185e-03
2.244529940534220960e-02 5.308232703545995995e-02 2.463514435890017205e-03 1.954132780146184984e-03
2.277751703442208731e-02 6.372760420507642132e-02 2.696641562818861016e-03 1.983149061878350123e-03
2.311480075610745921e-02 6.371135469458327760e-02 2.594348881428579223e-03 2.012606685287883414e-03
2.345722558785208120e-02 6.591850055404155362e-02 2.529744226732165164e-03 2.042512226284524338e-03
2.380486769057581220e-02 6.693110336700612562e-02 2.461479791232922421e-03 2.072872361981746136e-03
2.415780438560405363e-02 6.565351353387294253e-02 2.470518111349026893e-03 2.103693872264199034e-03
2.451611417186536773e-02 6.175498621452196746e-02 2.280361164223549970e-03 2.134983641382270664e-03
2.487987674335092811e-02 5.856195802813623369e-02 2.144414332723578592e-03 2.166748659574300583e-03
2.524917300683983054e-02 4.927719215123576441e-02 1.888432763867115179e-03 2.198996024717052994e-03
2.562408509989413247e-02 4.279269779026059067e-02 1.642016030969181261e-03 2.231732944005018846e-03
2.600469640912760061e-02 3.261100241899426988e-02 1.317073733275552676e-03 2.264966735659144914e-03
2.639109158875233008e-02 2.468309642399245732e-02 1.087895385910957668e-03 2.298704830665646882e-03
2.678335657940725950e-02 2.097261023692374368e-02 9.831638316399053841e-04 2.332954774545497115e-03
2.718157862727276983e-02 1.356337938232435487e-02 7.339236100385854427e-04 2.367724229155295738e-03
2.758584630347574868e-02 9.783400992892732698e-03 5.938918683720473745e-04 2.403020974520181201e-03
2.799624952378926626e-02 6.296736165663828835e-03 4.472607793620661997e-04 2.438852910699483741e-03
2.841287956863134193e-02 5.341089061298366809e-03 4.082009655545956435e-04 2.475228059685840361e-03
2.883582910336722482e-02 4.202953474106463014e-03 3.540782859853198647e-04 2.512154567338533307e-03
2.926519219891975457e-02 5.042193351275472621e-03 3.850167227875961199e-04 2.549640705351797522e-03
2.970106435269227740e-02 6.086518552288471863e-03 4.194373651783032757e-04 2.587694873258898545e-03
3.014354250980882249e-02 7.349258096628896730e-03 4.495635098291439545e-04 2.626325600472787913e-03
3.059272508467638513e-02 9.602838200290210457e-03 5.153426999536690409e-04 2.665541548364203008e-03
3.104871198287387224e-02 1.036617887598811037e-02 5.192179668678199508e-04 2.705351512378034902e-03
3.151160462337274093e-02 1.299678766661925902e-02 5.839343542184992960e-04 2.745764424188897480e-03
3.198150596109437804e-02 1.322740282682989890e-02 5.688370399712608817e-04 2.786789353896809880e-03
3.245852050980881087e-02 1.407739982049543287e-02 5.748094056670920594e-04 2.828435512263923358e-03
3.294275436538043195e-02 1.445761531681954461e-02 5.818337177143018601e-04 2.870712252993333838e-03
3.343431522936541472e-02 1.377008839844080616e-02 5.473091402186779780e-04 2.913629075050921686e-03
3.393331243296639210e-02 1.311361312493359611e-02 5.166275106361774110e-04 2.957195625031336286e-03
3.443985696134938684e-02 1.190681930878083848e-02 4.920596758784962768e-04 3.001421699569160190e-03
3.495406147832890581e-02 9.044555371913655384e-03 4.081608574624610831e-04 3.046317247796416841e-03
3.547604035142613160e-02 7.096566755334176614e-03 3.491731526501821396e-04 3.091892373847542497e-03
3.600590967730619291e-02 6.188737775292665715e-03 3.213179576969500640e-04 3.138157339413053144e-03
3.654378730759995364e-02 5.077441982589367755e-03 2.869544041143609159e-04 3.185122566343109862e-03
3.708979287511615652e-02 3.169504192693596827e-03 2.151837480879789362e-04 3.232798639302304506e-03
3.764404782044977749e-02 2.235344419830009085e-03 1.762422177648560989e-04 3.281196308476960234e-03
3.820667541899239184e-02 1.786710856383506374e-03 1.547938894619241648e-04 3.330326492336329030e-03
3.877780080835061677e-02 1.654850568985394852e-03 1.489326845621552833e-04 3.380200280449102614e-03
3.935755101617884749e-02 1.865594557716972364e-03 1.579168720321274947e-04 3.430828936356712568e-03
3.994605498843223357e-02 1.708992963278149844e-03 1.485499851341712230e-04 3.482223900504934945e-03
4.054344361804643193e-02 2.564870061687644920e-03 1.816060698149719551e-04 3.534396793235358020e-03
4.114984977405032607e-02 2.892794306692616797e-03 1.830328116525614234e-04 3.587359417838391525e-03
4.176540833111828249e-02 3.553892121442391635e-03 1.995456312518597859e-04 3.641123763669429792e-03
4.239025619956852953e-02 3.804438157170759744e-03 2.072957550211893950e-04 3.695702009330008482e-03
4.302453235581420871e-02 3.730541418011615318e-03 2.061343838972911420e-04 3.751106525915687880e-03
4.366837787327410014e-02 3.537018476614876318e-03 1.955985027790914247e-04 3.807349880332587012e-03
4.432193595374957218e-02 3.291097632381189721e-03 1.853290368653379041e-04 3.864444838684503655e-03
4.498535195927508279e-02 3.100396221476786184e-03 1.794813998702324373e-04 3.922404369732649873e-03
4.565877344444905367e-02 2.558247123407869899e-03 1.630652106815240639e-04 3.981241648430069134e-03
4.634235018925247918e-02 2.005221488709328821e-03 1.377684451368623472e-04 4.040970059532938106e-03
4.703623423236241025e-02 1.458170725463322831e-03 1.159724699122726072e-04 4.101603201290986156e-03
4.774057990496789056e-02 8.873068843584336297e-04 9.066522568549623812e-05 4.163154889219371386e-03
4.845554386509570710e-02 8.277802093631022326e-04 8.814943348265741547e-05 4.225639159954456582e-03
4.918128513245376837e-02 6.085943421715059266e-04 7.480481302144851544e-05 4.289070275195961367e-03
4.991796512379961803e-02 7.302099272316617869e-04 8.112185152024903138e-05 4.353462725738136037e-03
5.066574768884225810e-02 7.600922445439187245e-04 8.014836180454076007e-05 4.418831235592668438e-03
5.142479914668498381e-02 8.909694062575353440e-04 8.672238870651367327e-05 4.485190766206105517e-03
5.219528832281743191e-02 1.012739049572237288e-03 9.178368347900635446e-05 4.552556520774742911e-03
5.297738658666523853e-02 1.213812607873031519e-03 1.028828978344335039e-04 4.620943948660008807e-03
5.377126788970532784e-02 1.081496435090547291e-03 9.534542860497230345e-05 4.690368749907480178e-03
5.457710880415562321e-02 1.212624371351741928e-03 1.003105846385894868e-04 4.760846879872832581e-03
5.539508856224759081e-02 1.159715927495402060e-03 9.893479653292777622e-05 4.832394553958088874e-03
5.622538909609043484e-02 9.274410865385897566e-04 8.810432076705950225e-05 4.905028252461731721e-03
5.706819507813575693e-02 8.381063168414271472e-04 8.317967558065501475e-05 4.978764725546334056e-03
5.792369396225181127e-02 4.828050546535216135e-04 6.135000390776874880e-05 5.053620998327543017e-03
5.879207602541624417e-02 4.552426925249975962e-04 5.981824892807471568e-05 5.129614376088340380e-03
5.967353441003686587e-02 3.268527267284642790e-04 5.161789636866531857e-05 5.206762449622774104e-03
6.056826516690962808e-02 2.960064265777066143e-04 5.096077259604978537e-05 5.285083100713358108e-03
6.147646729882366018e-02 3.513517380366145337e-04 5.488721015246211473e-05 5.364594507746688751e-03
6.239834280482260687e-02 3.974842109446766886e-04 5.909652627473055929e-05 5.445315151471841197e-03
6.333409672513262700e-02 4.859315329657097528e-04 6.585431039226523169e-05 5.527263820906395085e-03
6.428393718676665702e-02 5.466647201210995607e-04 6.980258385343769028e-05 5.610459619395108052e-03
6.524807544981534035e-02 5.354196916768038089e-04 7.119005337947252837e-05 5.694921970826418746e-03
6.622672595443467036e-02 3.809227105947600727e-04 5.972820773427403850e-05 5.780670626012246287e-03
6.722010636854097720e-02 3.964498385882632816e-04 6.190069833430862005e-05 5.867725669236675476e-03
6.822843763622390978e-02 2.782596221102424917e-04 5.151371572761182741e-05 5.956107524979437941e-03
6.925194402688801543e-02 2.402830595439099941e-04 4.795189334536050467e-05 6.045836964820274634e-03
7.029085318513386693e-02 2.365515004419478835e-04 4.948067094570019679e-05 6.136935114530529638e-03
7.134539618139007500e-02 1.888737645697412509e-04 4.739624664188525827e-05 6.229423461358583707e-03
7.241580756330699697e-02 2.073683805324037213e-04 4.906095657647427583e-05 6.323323861516031742e-03
7.350232540792414615e-02 2.305730029544193456e-04 5.014749187465453845e-05 6.418658547871709634e-03
7.460519137462222339e-02 2.524602586584752590e-04 5.574333786985314644e-05 6.515450137861076609e-03
7.572465075887235830e-02 2.692267697638429588e-04 5.803350975100595761e-05 6.613721641618667407e-03
7.686095254679363442e-02 1.320012283966600633e-04 3.897057531971577163e-05 6.713496470341690295e-03
7.801434947053183244e-02 1.352416520851086493e-04 3.998555428720793341e-05 6.814798444893189512e-03
7.918509806447113220e-02 1.703066626852522459e-04 4.644575448875065091e-05 6.917651804653494364e-03
8.037345872229158250e-02 1.608148503098286066e-04 4.327737916059189291e-05 7.022081216629032750e-03
8.157969575488500935e-02 7.603048573643410931e-05 2.687379190989391735e-05 7.128111784828078737e-03
8.280407744914178303e-02 1.815447120573359004e-04 5.111227174392802696e-05 7.235769059913135619e-03
8.404687612762272442e-02 8.331631107101532762e-05 3.218555493526725785e-05 7.345079049140408774e-03
8.530836820912769680e-02 1.496324350530991705e-04 4.563374937405258592e-05 7.456068226596870331e-03
8.658883427017576018e-02 1.575652992131823342e-04 4.749730039318649053e-05 7.568763543746196559e-03
8.788855910741016908e-02 1.165767884199774061e-04 3.825674898184174461e-05 7.683192440295074851e-03
8.920783180094161990e-02 1.031697363520619814e-04 3.790775742225879796e-05 7.799382855391947048e-03
9.054694577864444427e-02 6.131334693594289265e-05 3.076925130613065957e-05 7.917363239170773642e-03
9.190619888141993155e-02 7.189217965115471994e-05 3.369965620330595072e-05 8.037162564652877011e-03
9.328589342944083873e-02 5.448715149916613301e-05 3.041982454287536788e-05 8.158810340020458685e-03
9.468633628939239488e-02 6.414656248748434365e-05 3.030748119840497124e-05 8.282336621275957281e-03
9.610783894272455219e-02 8.603111937018791859e-05 3.537592366040933316e-05 8.407772025302032159e-03
9.755071755493051333e-02 7.109305935888937753e-05 2.970794600301574200e-05 8.535147743337466106e-03
9.901529304586718927e-02 1.483116623557443725e-04 5.004812499468150842e-05 8.664495554885047121e-03
1.005018911611328947e-01 6.645542957965221847e-05 3.228831321703071476e-05 8.795847842067957764e-03
1.020108425445186290e-01 9.554146331853017411e-05 4.301134712410045177e-05 8.929237604452121627e-03
1.035424828115487639e-01 4.635841459121126860e-05 3.241340717464865565e-05 9.064698474352442248e-03
1.050971526241271103e-01 2.396977104424468413e-05 2.397494315201560789e-05 9.202264732641733669e-03
1.066751977663061152e-01 3.724767018478455097e-05 2.634912298953679964e-05 9.341971325081866936e-03
1.082769692211945634e-01 5.460396101748911038e-05 3.163809083163957069e-05 9.483853879197519030e-03
1.099028232490222023e-01 7.577009544624822347e-05 4.135609115675792510e-05 9.627948721713542116e-03
1.115531214663777748e-01 2.257972075230493090e-05 1.954108565008877521e-05 9.774292896578161069e-03
1.132282309266384734e-01 5.414902619851303073e-05 3.831691863858605523e-05 9.922924183594765760e-03
1.149285242016085812e-01 7.339178701180081087e-05 4.858454057359365419e-05 1.007388111768621128e-02
1.166543794643856991e-01 5.391995833887380329e-05 3.816351545966510471e-05 1.022720300881643785e-02
