1.559275255794966529e-02 7.478958661471885039e-01 6.730315238868486705e-02 1.355122350325925224e-03
1.581973675728789303e-02 8.476079120477737483e-01 7.206533170343960848e-02 1.374979798838459489e-03
1.605023952368123119e-02 8.175887038981766164e-01 6.359331970096882003e-02 1.395143061381019138e-03
1.628431212479783743e-02 7.013354508861262548e-01 4.812781910671266872e-02 1.415616624662216884e-03
1.652200662229248371e-02 8.503910273978281253e-01 6.208858297093519663e-02 1.436405044877589899e-03
1.676337588338607659e-02 7.892629452644298604e-01 5.471113722119056583e-02 1.457512948743160423e-03
1.700847359262429304e-02 7.744175767680027134e-01 5.423138554310022452e-02 1.478945034546079495e-03
1.725735426381804979e-02 7.763185733972887137e-01 5.332820249886038866e-02 1.500706073212648706e-03
1.751007325216835664e-02 6.845845956215480532e-01 4.513232377121753625e-02 1.522800909394023995e-03
1.776668676657834969e-02 6.006412356858465973e-01 3.847875982257348976e-02 1.545234462569896813e-03
1.802725188215515903e-02 4.694810516515064425e-01 2.798581159438258761e-02 1.568011728170476621e-03
1.829182655290447282e-02 4.872948981438586236e-01 2.908154215671143392e-02 1.591137778717098463e-03
1.856046962462052502e-02 3.931454466072991649e-01 2.241948921619655796e-02 1.614617764981766349e-03
1.883324084797449380e-02 2.893277287452084012e-01 1.551845169935725348e-02 1.638456917166003241e-03
1.911020089180410012e-02 2.243284324190109036e-01 1.164839028552813738e-02 1.662660546099316858e-03
1.939141135660742837e-02 1.392417179090195412e-01 7.080259890159963307e-03 1.687234044457664676e-03
1.967693478824398406e-02 1.110435631902728371e-01 5.771775279558014581e-03 1.712182888002272436e-03
1.996683469184601031e-02 8.392320070839941193e-02 4.560370771422038449e-03 1.737512636839174144e-03
2.026117554594310949e-02 5.792355226165964155e-02 3.295219021865272453e-03 1.763228936699866040e-03
2.056002281680341728e-02 4.343692958090049350e-02 2.670364204673978878e-03 1.789337520243458341e-03
2.086344297299446565e-02 3.788952260288985796e-02 2.243627166262229886e-03 1.815844208380742184e-03
2.117150350016691260e-02 4.656886918942753500e-02 2.589029000061001621e-03 1.842754911620562725e-03
2.148427291606454237e-02 4.559305901698161578e-02 2.366613508333547181e-03 1.870075631438944657e-03
2.180182078576377996e-02 5.298616016444231136e-02 2.610189385666413040e-03 1.897812461671398183e-03
2.212421773714618942e-02 7.432972120120687198e-02 3.291661747213772173e-03 1.925971589928847372e-03
2.245153547660730733e-02 7.892116825724722340e-02 3.247297655115329289e-03 1.954559299037645585e-03
2.278384680500537482e-02 8.385559959370873784e-02 3.273506683658802124e-03 1.983581968504157401e-03
2.312122563385352741e-02 8.195899210218529629e-02 3.096012770755263849e-03 2.013046076004366101e-03
2.346374700175889866e-02 7.730070680192970001e-02 2.833268115915843228e-03 2.042958198899051843e-03
2.381148709111259587e-02 7.632003511659973816e-02 2.700252176401214156e-03 2.073325015774993719e-03
2.416452324503385110e-02 7.521940798254395100e-02 2.714451869030145258e-03 2.104153308012765566e-03
2.452293398457251056e-02 6.561297351356550067e-02 2.376554124303939010e-03 2.135449961381662414e-03
2.488679902617344647e-02 5.720717401122728946e-02 2.109419684891272132e-03 2.167221967662286662e-03
2.525619929940676675e-02 5.043844392411107186e-02 1.916991155247719245e-03 2.199476426297392907e-03
2.563121696496801008e-02 3.874811694106686244e-02 1.539238712068061047e-03 2.232220546071573847e-03
2.601193543295201790e-02 2.876531227989746406e-02 1.217445492443212018e-03 2.265461646820390081e-03
2.639843938140475424e-02 2.164487879719340438e-02 1.008838442977798506e-03 2.299207161169566568e-03
2.679081477515710824e-02 1.698503537264775196e-02 8.732859016765357483e-04 2.333464636304891527e-03
2.718914888494495044e-02 1.125702144455640631e-02 6.657594521477508062e-04 2.368241735773508622e-03
2.759353030681956781e-02 7.342513539914900279e-03 5.127998154334604273e-04 2.403546241317233885e-03
2.800404898185293937e-02 5.416151374511906855e-03 4.128422358227480096e-04 2.439386054738648061e-03
2.842079621614211626e-02 5.453538817465448593e-03 4.139970411402644677e-04 2.475769199800646574e-03
2.884386470111720280e-02 5.627365876799209250e-03 4.151344634941545693e-04 2.512703824160219049e-03
2.927334853415751448e-02 8.058578167508561110e-03 4.947416266141013578e-04 2.550198201337213876e-03
2.970934323952041309e-02 9.234055592707665627e-03 5.255365391390382683e-04 2.588260732718881008e-03
3.015194578958740879e-02 1.076816575171475089e-02 5.543885727097200939e-04 2.626899949600996608e-03
3.060125462643253219e-02 1.307119968507802245e-02 6.120888144133364642e-04 2.666124515266440811e-03
3.105736968371741388e-02 1.467669995743541705e-02 6.325741492307663128e-04 2.705943227102060832e-03
3.152039240891821303e-02 1.510564957838975153e-02 6.357652244007245060e-04 2.746365018754740560e-03
3.199042578588928709e-02 1.543176565150267826e-02 6.213679703988221181e-04 2.787398962327590404e-03
3.246757435776835565e-02 1.439653276880617505e-02 5.797444459849106614e-04 2.829054270617196304e-03
3.295194425022875823e-02 1.405222168743030381e-02 5.706524754917093175e-04 2.871340299392962248e-03
3.344364319508351391e-02 1.309834451102192751e-02 5.295489972327937578e-04 2.914266549719497345e-03
3.394278055424668900e-02 1.079457064980379744e-02 4.601882426751967704e-04 2.957842670323144237e-03
3.444946734405723160e-02 9.852077220403038585e-03 4.431877544908877867e-04 3.002078460003723085e-03
3.496381625997090764e-02 7.006949310296831795e-03 3.537420159842407752e-04 3.046983870092599168e-03
3.548594170162559791e-02 5.246715339798674327e-03 2.952071291897594976e-04 3.092569006958255894e-03
3.601595979828566690e-02 3.883082363365195078e-03 2.498752978536833294e-04 3.138844134560556717e-03
3.655398843467104475e-02 2.935258218439707346e-03 2.155135437502154756e-04 3.185819677054930240e-03
3.710014727717672600e-02 2.032588910717263858e-03 1.701390945233136607e-04 3.233506221447781260e-03
3.765455780048856255e-02 1.662761242051142814e-03 1.508938683853923283e-04 3.281914520304432276e-03
3.821734331460119316e-02 1.628615585407284638e-03 1.491835850205612080e-04 3.331055494510971968e-03
3.878862899224425759e-02 1.841648782025332061e-03 1.572447372812318489e-04 3.380940236091445686e-03
3.936854189672290422e-02 2.688929413615955780e-03 1.907130909329079473e-04 3.431580011081834282e-03
3.995721101017868371e-02 3.088865123983109036e-03 2.017538629169508303e-04 3.482986262462360420e-03
4.055476726227736500e-02 3.559239427978707227e-03 2.149645417850137678e-04 3.535170613149670599e-03
4.116134355932981465e-02 3.316237779501564949e-03 1.956146032879959359e-04 3.588144869050578604e-03
4.177707481385256605e-02 4.240394409270954561e-03 2.216615551599042172e-04 3.641921022178978926e-03
4.240209797457458740e-02 4.090498998063891653e-03 2.169309414739935987e-04 3.696511253837768494e-03
4.303655205689690955e-02 4.077922085191324798e-03 2.168567892268704060e-04 3.751927937867514506e-03
4.368057817381196251e-02 3.221824812202873402e-03 1.855215964861339111e-04 3.808183643963788251e-03
4.433431956728943468e-02 3.177542483332813656e-03 1.827720204016342303e-04 3.865291141065118653e-03
4.499792164013557277e-02 2.495228225954096955e-03 1.603830389343399092e-04 3.923263400813553972e-03
4.567153198833322214e-02 1.995593779284900865e-03 1.438162876902134826e-04 3.982113601089951049e-03
4.635530043386960897e-02 1.309418691587768951e-03 1.113624818281387706e-04 4.041855129626157478e-03
4.704937905805919862e-02 8.877060087903237626e-04 8.922738927592062559e-05 4.102501587696341830e-03
4.775392223536903402e-02 7.943107279802846723e-04 8.529349588946883592e-05 4.164066793889779558e-03
4.846908666775418678e-02 8.219490388172865031e-04 8.786348878056250136e-05 4.226564787967600385e-03
4.919503141951087760e-02 9.066447143518199542e-04 9.143921021402343769e-05 4.290009834805894560e-03
4.993191795265493338e-02 1.030529647962469784e-03 9.644817276670229343e-05 4.354416428427906709e-03
5.067991016283364403e-02 1.154377455498982333e-03 1.010525229478962978e-04 4.419799296127952318e-03
5.143917441577879057e-02 1.392968039052824196e-03 1.091061645487092076e-04 4.486173402689884460e-03
5.220987958430917120e-02 1.713092877695936156e-03 1.210224357007901383e-04 4.553553954703083197e-03
5.299219708589061884e-02 1.367259249695702058e-03 1.095157213102736471e-04 4.621956404978922774e-03
5.378630092076217700e-02 1.189524872430854736e-03 1.001818547489632537e-04 4.691396457070939711e-03
5.459236771063644827e-02 1.066939538771633032e-03 9.323616920319586067e-05 4.761890069901937930e-03
5.541057673798333028e-02 9.355332984724789398e-04 8.803524625554708853e-05 4.833453462501442234e-03
5.624110998590526461e-02 7.474145723348223948e-04 8.061939373637380863e-05 4.906103118857033790e-03
5.708415217861328994e-02 5.859542546683514782e-04 7.175409927398107579e-05 4.979855792883250420e-03
5.793989082251273931e-02 4.484663231886687647e-04 6.129208198975512258e-05 5.054728513511853351e-03
5.880851624790781051e-02 4.563589558542364977e-04 6.058457451508643220e-05 5.130738589907448549e-03
5.969022165133403696e-02 5.015940208533465651e-04 6.518069716740335247e-05 5.207903616812559200e-03
6.058520313852843592e-02 4.133599460212962636e-04 6.108428622986103408e-05 5.286241480026460104e-03
6.149365976804662542e-02 5.072461133088255808e-04 6.765807551008075414e-05 5.365770362022220970e-03
6.241579359553672823e-02 5.345774711284515196e-04 6.828984787292544328e-05 5.446508747706619788e-03
6.335180971867981903e-02 5.899882263097193944e-04 7.091465046634028808e-05 5.528475430327678582e-03
6.430191632280705949e-02 6.034993521175610913e-04 7.367684404655854772e-05 5.611689517534930276e-03
6.526632472720353406e-02 5.267052276305281755e-04 7.214009904218453924e-05 5.696170437597546272e-03
6.624524943210907679e-02 3.512134536865743790e-04 5.663367095631189751e-05 5.781937945785796916e-03
6.723890816642669188e-02 2.454957444130742399e-04 4.557308062081830873e-05 5.869012130921478360e-03
6.824752193614899709e-02 1.800730497655147295e-04 3.916596574125351615e-05 5.957413422103157927e-03
6.927131507351361184e-02 1.975431015460666153e-04 4.501243103140768455e-05 6.047162595612359803e-03
7.031051528689831465e-02 1.932279772887509272e-04 4.655463662580316931e-05 6.138280782007054896e-03
7.136535371146708606e-02 2.582374402549355089e-04 5.530983128753576435e-05 6.230789473409025121e-03
7.243606496057844457e-02 3.102714438383255059e-04 6.098570504446422367e-05 6.324710530992054894e-03
7.352288717796727491e-02 2.283339077788137321e-04 4.990417480338798687e-05 6.420066192678005809e-03
7.462606209071173669e-02 2.731399929935909333e-04 5.761669379815407177e-05 6.516879081048339642e-03
7.574583506299763236e-02 1.903651755563593915e-04 4.751747649663355162e-05 6.615172211478760611e-03
7.688245515069118408e-02 8.944469362317748263e-05 3.100171834575117925e-05 6.714969000505084142e-03
7.803617515673326455e-02 1.525416103620570274e-04 4.200798289211619361e-05 6.816293274428729052e-03
7.920725168736683641e-02 1.413561874326937755e-04 4.022516129927234839e-05 6.919169278170583109e-03
8.039594520921047871e-02 1.578152390281222525e-04 4.360154503063325382e-05 7.023621684382310229e-03
8.160252010719033777e-02 1.457978021605961126e-04 4.238154213355498713e-05 7.129675602824655893e-03
8.282724474334370035e-02 1.548079238608072701e-04 4.664960937381775667e-05 7.237356590022512963e-03
8.407039151650724795e-02 6.339120410010789814e-05 2.629921601193917094e-05 7.346690659207112846e-03
8.533223692290278772e-02 8.077711732313428328e-05 3.174771025206239716e-05 7.457704290555933375e-03
8.661306161763465683e-02 1.170508049871077870e-04 4.162244056861583234e-05 7.570424441741570483e-03
8.791315047711208142e-02 6.229424032114203882e-05 2.868336806328040473e-05 7.684878558801062735e-03
8.923279266241027075e-02 7.653921297236524130e-05 3.213238585301767870e-05 7.801094587337771905e-03
9.057228168358467946e-02 5.285584194994433514e-05 2.555350370693915615e-05 7.919100984068391108e-03
9.193191546495227406e-02 1.076442445870632236e-04 4.121281623550081762e-05 8.038926728728102225e-03
9.331199641135505540e-02 1.281516656755658985e-04 4.645662709254488068e-05 8.160601336347597309e-03
9.471283147541958991e-02 6.504553396272898388e-05 3.258175212617195668e-05 8.284154869915986638e-03
9.613473222582841204e-02 1.679728491727996675e-05 8.403605781352740944e-06 8.409617953444491201e-03
9.757801491661807769e-02 9.998108592733664739e-05 3.954772962504704526e-05 8.537021785446196470e-03
9.904300055751916187e-02 1.539465123461591163e-05 1.539709110423174510e-05 8.666398152847877220e-03
1.020393889365085738e-01 8.638301805870783872e-05 4.322176380922193746e-05 8.931198670255866001e-03
1.067050503397416056e-01 1.859706980995986733e-05 1.860096879124058727e-05 9.344023601480911864e-03
1.083072703372849888e-01 5.932052626939334020e-05 3.777064064128150551e-05 9.485937527600683469e-03
1.099335796472325211e-01 2.711401725795180008e-05 2.711922405979919298e-05 9.630064240532100125e-03
1.115843399874351244e-01 8.853886982907753825e-05 5.115149129400809906e-05 9.776440793005745228e-03
1.132599185140537035e-01 2.646353196545039261e-05 2.647017069516766885e-05 9.925104973799768818e-03
1.149606879032206014e-01 5.095654213573096571e-06 5.096948708356566502e-06 1.007609532700982392e-02
1.166870264339290308e-01 4.488105018942399344e-05 3.703410881687869657e-05 1.022945117197654116e-02
