1.559253216191748732e-02 7.297647917768835812e-01 6.573825536440176809e-02 1.355107248177663893e-03
1.581951304969198696e-02 8.479195337909871677e-01 7.208119924350848973e-02 1.374964471326846262e-03
1.605001245476538052e-02 8.141347030973585808e-01 6.335331032400205731e-02 1.395127505099498814e-03
1.628408164405822228e-02 6.515040875162487755e-01 4.490724104013240486e-02 1.415600836153214090e-03
1.652177267846643288e-02 8.069760083906238890e-01 5.906541105020798876e-02 1.436389020631735191e-03
1.676313842444066698e-02 7.214040927075346943e-01 5.020582467045191233e-02 1.457496685198504454e-03
1.700823256574478595e-02 8.323119332093973366e-01 5.812167106563798785e-02 1.478928528087296995e-03
1.725710961539613647e-02 7.589082798447591705e-01 5.218168411285643848e-02 1.500689320170228366e-03
1.750982492779023722e-02 6.693438114213005052e-01 4.417118031924555099e-02 1.522783906043445991e-03
1.776643471101263180e-02 5.990487543900689937e-01 3.838491734883846956e-02 1.545217205130797536e-03
1.802699603934057246e-02 4.393060425268301983e-01 2.628641235824025549e-02 1.567994212805801698e-03
1.829156686593738992e-02 4.373665421013041010e-01 2.627030697396761857e-02 1.591120001532238867e-03
1.856020603574233541e-02 3.952735925566981390e-01 2.254008279663427192e-02 1.614599722023687131e-03
1.883297329855871879e-02 3.065038941669964156e-01 1.635410876005307171e-02 1.638438604422350368e-03
1.910992932234337888e-02 2.156743800920025711e-01 1.125214241497559872e-02 1.662641959497517972e-03
1.939113570670027500e-02 1.440305188445888396e-01 7.280313955609180390e-03 1.687215179864011644e-03
1.967665499658136086e-02 1.121467345967209761e-01 5.823027111501429334e-03 1.712163741220989804e-03
1.996655069619767200e-02 7.196280673304755737e-02 4.073978328180630042e-03 1.737493203611473061e-03
2.026088728314377752e-02 4.939829643005919091e-02 2.951004580943017343e-03 1.763209212702983655e-03
2.055973022273873546e-02 4.432420086025571498e-02 2.707212611155548117e-03 1.789317501089683756e-03
2.086314598258672687e-02 3.620977090735012088e-02 2.176521176531364451e-03 1.815823889616422025e-03
2.117120204736060163e-02 4.102668439826259034e-02 2.376610276722888448e-03 1.842734288725098469e-03
2.148396693381161154e-02 4.631325766972724939e-02 2.396659795836727017e-03 1.870054699823765028e-03
2.180151020600877912e-02 6.192322485667974691e-02 2.909494233666213864e-03 1.897791216678924604e-03
2.212390249081109400e-02 7.469679205647249132e-02 3.304689006507622977e-03 1.925950026831434701e-03
2.245121549357617305e-02 7.615637161144868383e-02 3.166520347349654173e-03 1.954537413036512225e-03
2.278352201410874939e-02 8.269373228100078410e-02 3.241624557139500141e-03 1.983559754728296976e-03
2.312089596285259174e-02 8.301582398706060240e-02 3.126219185876464354e-03 2.013023529509437234e-03
2.346341237732942411e-02 7.848979909720928128e-02 2.863798719654388029e-03 2.042935314666255789e-03
2.381114743882863094e-02 7.456733414494884360e-02 2.655416313326797520e-03 2.073301788709932050e-03
2.416417848935117560e-02 7.795865042158876823e-02 2.787856488653738148e-03 2.104129732944280944e-03
2.452258404881180881e-02 6.760060763422397201e-02 2.426757434740524268e-03 2.135426033060655072e-03
2.488644383250327233e-02 5.761180358549871511e-02 2.119704763080310778e-03 2.167197680760519617e-03
2.525583876882623452e-02 5.030416830474251227e-02 1.915576122203215209e-03 2.199451775406272881e-03
2.563085101728921830e-02 3.735418504654040156e-02 1.504608455205865784e-03 2.232195525700916578e-03
2.601156398678221293e-02 2.856299876177026409e-02 1.215468933931531000e-03 2.265436251397158311e-03
2.639806235412821625e-02 2.050500594749990121e-02 9.769791759535481710e-04 2.299181385036594590e-03
2.679043208291679787e-02 1.558903280392412959e-02 8.284287752214296698e-04 2.333438473719587607e-03
2.718876044262384314e-02 1.120122966364997530e-02 6.617356908884564634e-04 2.368215180906534014e-03
2.759313602802173498e-02 7.264862994464382773e-03 5.045019253447110934e-04 2.403519288251161883e-03
2.800364877888431026e-02 4.444197683756593437e-03 3.700913999490586985e-04 2.439358697466598776e-03
2.842038999999099702e-02 5.590105690468898797e-03 4.212114865580833772e-04 2.475741432224904792e-03
2.884345238143446941e-02 6.873726587682238952e-03 4.631258565354377322e-04 2.512675640090822164e-03
2.927293001923651425e-02 8.250901047706786159e-03 5.015500427064018040e-04 2.550169594490522048e-03
2.970891843627656431e-02 9.688982098946048033e-03 5.396312095155370242e-04 2.588231696716120425e-03
3.015151460353751936e-02 1.098686713689930698e-02 5.612589799385977411e-04 2.626870477966780637e-03
3.060081696167375395e-02 1.251259357323085582e-02 5.979654671012424490e-04 2.666094601427263389e-03
3.105692544290593327e-02 1.390440422404437028e-02 6.115029834498947499e-04 2.705912864384769044e-03
3.151994149324760519e-02 1.510061424953234449e-02 6.326166096039705089e-04 2.746334200384979458e-03
3.198996809506850225e-02 1.522804371497064012e-02 6.153032187895194748e-04 2.787367681428217035e-03
3.246710978999946956e-02 1.623036025510195962e-02 6.234511773634669220e-04 2.829022520206676827e-03
3.295147270218426461e-02 1.445470239499207186e-02 5.799595700301660899e-04 2.871308072383733055e-03
3.344316456188341224e-02 1.243105110672249221e-02 5.165176945663290135e-04 2.914233838916303627e-03
3.394229472943512127e-02 1.142678549143705431e-02 4.791039636631243249e-04 2.957809468421348197e-03
3.444897421957878597e-02 8.501739450933394268e-03 4.057654273217328918e-04 3.002044759587578753e-03
3.496331572614662375e-02 7.394862725859829150e-03 3.643262776813353311e-04 3.046949663633508141e-03
3.548543364712855586e-02 5.248698475055876139e-03 2.946891629448343260e-04 3.092534286812984035e-03
3.601544411011620844e-02 3.956969227974798178e-03 2.517392570154060923e-04 3.138808892969420939e-03
3.655346499813167532e-02 2.677214043154766462e-03 2.038811188384834282e-04 3.185783906139957964e-03
3.709961597584659349e-02 2.078430212592910758e-03 1.730365937495032870e-04 3.233469913210836044e-03
3.765401851619750578e-02 1.533768494089142453e-03 1.467330513782405218e-04 3.281877666625297816e-03
3.821679592740358233e-02 1.626007147966342581e-03 1.494083396365991081e-04 3.331018087145424383e-03
3.878807338039220315e-02 1.720593557543017476e-03 1.520418280405613060e-04 3.380902266669265528e-03
3.936797793663921602e-02 2.368678737194235707e-03 1.785373996667568176e-04 3.431541471104798159e-03
3.995663857642939992e-02 2.926002078751374375e-03 1.961352171277957828e-04 3.482947143302197058e-03
4.055418622754383001e-02 3.314096089429445502e-03 2.073531188369506610e-04 3.535130906045972667e-03
4.116075379438038917e-02 3.637642284398085769e-03 2.068776102001107140e-04 3.588104565108684186e-03
4.177647618751385850e-02 4.199234179777365343e-03 2.197677150281149760e-04 3.641880112367810920e-03
4.240149035370228275e-02 3.684634077926862879e-03 2.040226595701086730e-04 3.696469728987632816e-03
4.303593530634616110e-02 4.003102440797978549e-03 2.142359229238198178e-04 3.751885788667861862e-03
4.367995215640735340e-02 3.351845392435598339e-03 1.897844674968782836e-04 3.808140860960936881e-03
4.433368414379441902e-02 2.942037823149909557e-03 1.754381108432349369e-04 3.865247714659926764e-03
4.499727666922155589e-02 2.016510048504510308e-03 1.425454573062820602e-04 3.923219321259055307e-03
4.567087732654809967e-02 1.663689075831615172e-03 1.300657385227685294e-04 3.982068858488942327e-03
4.635463593560587570e-02 1.265904685928282694e-03 1.079849217206622393e-04 4.041809713928748958e-03
4.704870457552155077e-02 8.951967811751644979e-04 8.940046899502275394e-05 4.102455488697445869e-03
4.775323761854148585e-02 7.975122580692334132e-04 8.570077966363375335e-05 4.164020001226569241e-03
4.846839176436673613e-02 6.968387357265607004e-04 8.032143093067835391e-05 4.226517291116905703e-03
4.919432607500563714e-02 7.944237071668921492e-04 8.601998780558868648e-05 4.289961623081559559e-03
4.993120201015170678e-02 1.021095415582339450e-03 9.630003136851342802e-05 4.354367490978082456e-03
5.067918346309508576e-02 1.159770110219323323e-03 1.002935544417768698e-04 4.419749621932348230e-03
5.143843679717496203e-02 1.344832121885404345e-03 1.077200618876175811e-04 4.486122980556964124e-03
5.220913088278160419e-02 1.307281944914479759e-03 1.051227336622404440e-04 4.553502773267199474e-03
5.299143713491582391e-02 1.311469652281857653e-03 1.073413202560225216e-04 4.621904452697402597e-03
5.378552955131459673e-02 1.116200907178226988e-03 9.692322245597796183e-05 4.691343722221106433e-03
5.459158475115088310e-02 8.527463096811210624e-04 8.250938789417579678e-05 4.761836540578074685e-03
5.540978201431675382e-02 7.618979183612525907e-04 7.938877156536381134e-05 4.833399126611691993e-03
5.624030332129809767e-02 5.740256462744428500e-04 6.997210807013366633e-05 4.906047964120243028e-03
5.708333339365011250e-02 5.203835306604425847e-04 6.686597193498237089e-05 4.979799806825740797e-03
5.793905973508234331e-02 4.393248966723673756e-04 6.173401372187167714e-05 5.054671683464129206e-03
5.880767267316273916e-02 3.672074929334679522e-04 5.508851765536278052e-05 5.130680903000836741e-03
5.968936540164943017e-02 4.516681047869398262e-04 6.254582957953307078e-05 5.207845059975777825e-03
6.058433402346032060e-02 3.895687392195117961e-04 5.885580904255292048e-05 5.286182039982115222e-03
6.149277759428957435e-02 5.988277886312984126e-04 7.307096403036329908e-05 5.365710025283233937e-03
6.241489816688083891e-02 4.468142320537152410e-04 6.173047964539273296e-05 5.446447500572560926e-03
6.335090083596706112e-02 4.184193159992354656e-04 5.908982776804891233e-05 5.528413258881044456e-03
6.430099378388703935e-02 5.386515893103931444e-04 6.915982895273565720e-05 5.611626407637329908e-03
6.526538832688845437e-02 5.466803388628280061e-04 7.208601564279309179e-05 5.696106374885792807e-03
6.624429896212818969e-02 3.725183637587452527e-04 5.712784640379196089e-05 5.781872915667942044e-03
6.723794341537986385e-02 3.296981169428399739e-04 5.504286416050575988e-05 5.868946118572722706e-03
6.824654268945978819e-02 2.186935028578819093e-04 4.678147774459174890e-05 5.957346412461698992e-03
6.927032111338150833e-02 1.793487116409616452e-04 4.347112766355948354e-05 6.047094573375130615e-03
7.030950639225028165e-02 1.805840615516321088e-04 4.482945459605128702e-05 6.138211731625375055e-03
7.136432965790845406e-02 2.498613019928604454e-04 5.478233278352106144e-05 6.230719379084147767e-03
7.243502552034288000e-02 2.212612295967856428e-04 5.034352459297230180e-05 6.324639376670601783e-03
7.352183211986619560e-02 2.182287386114924416e-04 4.960525079529233349e-05 6.419993962047315650e-03
7.462499118008296406e-02 2.051377189346690515e-04 5.028834870407191456e-05 6.516805757531698474e-03
7.574474806165309992e-02 2.422017669213853328e-04 5.476548138549333818e-05 6.615097778230513356e-03
7.688135181686396591e-02 2.304379150859237600e-04 5.307307941361747843e-05 6.714893440405635128e-03
7.803505524502384050e-02 1.774800091504823889e-04 4.656061184028445905e-05 6.816216570079423713e-03
7.920611494868845526e-02 1.340439916293907467e-04 4.143649529871832048e-05 6.919091411888463050e-03
8.039479139073381353e-02 1.554959920698062838e-04 4.330605690866013878e-05 7.023542638194743386e-03
8.160134895228728091e-02 9.615204482980952566e-05 3.225177332563628163e-05 7.129595358463840932e-03
8.282605599153021469e-02 1.431290769901506148e-04 4.283724991209742172e-05 7.237275128919829284e-03
8.406918490338538552e-02 9.945430412886461624e-05 3.371769108345266697e-05 7.346607962487337017e-03
8.533101218010204214e-02 1.001523238041573553e-04 3.739967251042203755e-05 7.457620339031331529e-03
8.661181847275216394e-02 1.527261867099140779e-04 4.734944877168898949e-05 7.570339215905803366e-03
8.791188865365201499e-02 1.046699053792411255e-04 3.634763313859819294e-05 7.684792038822965861e-03
8.923151187972244713e-02 6.679398940394418605e-05 2.848492491329010864e-05 7.801006753054962224e-03
9.057098165680198265e-02 8.072878806754765118e-05 3.428057928560015099e-05 7.919011814980702821e-03
9.193059590492749789e-02 9.096396554796522011e-05 3.766846302412888450e-05 8.038836203990868193e-03
9.331065702459638567e-02 4.081376530685069189e-05 2.499762305616449375e-05 8.160509434764727510e-03
9.471147196402542046e-02 6.839053698338259230e-05 3.279541959274513848e-05 8.284061569932887892e-03
9.613335228742117544e-02 5.545746334511232676e-05 3.002670130339818699e-05 8.409523233140790005e-03
9.757661424427684083e-02 6.142709053678490358e-05 3.100798198812479054e-05 8.536925622528246729e-03
9.904157883971141663e-02 1.129066648901404826e-04 4.651187703151924259e-05 8.666300524641089298e-03
1.005285719058664762e-01 2.136916234338997713e-05 2.137272963715148357e-05 8.797680328791456297e-03
1.020379241743765986e-01 2.429402682129877777e-05 2.179774688864977205e-05 8.931098041884176844e-03
1.035699713499295127e-01 2.008791485729152204e-05 2.009182377735912653e-05 9.066587303727172836e-03
1.051250541849322456e-01 4.401032987902454185e-05 3.113343117968854002e-05 9.204182402844736724e-03
1.067035185553001087e-01 4.247473750102515483e-05 2.661313824621513560e-05 9.343918292813134518e-03
1.083057155373851610e-01 3.993025392069965098e-05 2.802064930145674714e-05 9.485830609139008981e-03
1.099320014860613731e-01 2.715638587416383814e-05 2.716160087915672696e-05 9.629955686701569678e-03
1.115827381139837537e-01 5.911814766181253822e-05 4.182113667845630467e-05 9.776330577780750070e-03
1.166853512644460134e-01 3.597576157145008873e-05 3.598467427694267720e-05 1.022933581175819624e-02
