1.558697521364974491e-02 7.092046618222559440e-01 6.401201704405366788e-02 1.354726485575219463e-03
1.581387260541891951e-02 8.167910715067595584e-01 6.957583766928793212e-02 1.374578026773636040e-03
1.604428725996037003e-02 8.382131196198904233e-01 6.512849616925099616e-02 1.394735292707867955e-03
1.627827042534470484e-02 6.913376482948094814e-01 4.749869447303210063e-02 1.415202768749138518e-03
1.651587414333469811e-02 8.451173304456990332e-01 6.173789107679826527e-02 1.435985009735335667e-03
1.675715126096037275e-02 7.461328610265107741e-01 5.184768783081615540e-02 1.457086641004253598e-03
1.700215544227317091e-02 8.017601361955709605e-01 5.607184974025975627e-02 1.478512359443920126e-03
1.725094118028183687e-02 7.845569932926802492e-01 5.387658464316053691e-02 1.500266934560288848e-03
1.750356380907265239e-02 6.754111515219348716e-01 4.455570268531115763e-02 1.522355209562612248e-03
1.776007951611680361e-02 5.901917195332913035e-01 3.784690314339201472e-02 1.544782102466789146e-03
1.802054535476741923e-02 4.607183077298926954e-01 2.749742372727843540e-02 1.567552607217000907e-03
1.828501925694935373e-02 4.685245828885765129e-01 2.802781152376538146e-02 1.590671794825975101e-03
1.855356004604424847e-02 3.846674721733000513e-01 2.197615973321793981e-02 1.614144814534172615e-03
1.882622744997393405e-02 2.845446968203375615e-01 1.528638464750351096e-02 1.637976894988281808e-03
1.910308211448496010e-02 2.192798245047247740e-01 1.141802291754423319e-02 1.662173345439313952e-03
1.938418561663730541e-02 1.400427054416754080e-01 7.120965200043881567e-03 1.686739556960701984e-03
1.966960047850022444e-02 1.045108904102727415e-01 5.512770730605506819e-03 1.711681003686740853e-03
1.995939018105823484e-02 7.129060822350356819e-02 4.042752466924086352e-03 1.737003244071740450e-03
2.025361917833040995e-02 5.243879565778407359e-02 3.077863069849088445e-03 1.762711922170292740e-03
2.055235291170608158e-02 4.308761534723158648e-02 2.663638829027731737e-03 1.788812768939025384e-03
2.085565782450016920e-02 3.852737749174580534e-02 2.271723905057415529e-03 1.815311603560265143e-03
2.116360137673129957e-02 4.401795799373470902e-02 2.493650430024585852e-03 1.842214334788000929e-03
2.147625206012608243e-02 4.891692511693811196e-02 2.487235555969458372e-03 1.869526962316588872e-03
2.179367941335290382e-02 6.477114463143612832e-02 3.000378851666346981e-03 1.897255578172640008e-03
2.211595403748845001e-02 7.969333827445673757e-02 3.461289784264028058e-03 1.925406368130507580e-03
2.244314761172068115e-02 8.286703953947260892e-02 3.367512230212372192e-03 1.953985613151871387e-03
2.277533290929144999e-02 8.244503557639909497e-02 3.234653254644662222e-03 1.982999690849867377e-03
2.311258381368253359e-02 8.410849305892507954e-02 3.156305721697107332e-03 2.012455076978238253e-03
2.345497533504858206e-02 8.290512776424241448e-02 2.982561047593848894e-03 2.042358346946053244e-03
2.380258362690067936e-02 7.585426378375280387e-02 2.690316639179508255e-03 2.072716177358434417e-03
2.415548600304413818e-02 7.168829010782323818e-02 2.624869491325920214e-03 2.103535347583876305e-03
2.451376095477441827e-02 6.710944230649046327e-02 2.416559276539587651e-03 2.134822741348677954e-03
2.487748816833494636e-02 5.773075483547581571e-02 2.125365513460633540e-03 2.166585348359036014e-03
2.524674854264060547e-02 5.212559722548820718e-02 1.962650621536856082e-03 2.198830265951381285e-03
2.562162420727113338e-02 3.716118719449212904e-02 1.500287930383814583e-03 2.231564700771552015e-03
2.600219854073799672e-02 2.898995506474173409e-02 1.225192063594675914e-03 2.264795970483388099e-03
2.638855618902929273e-02 2.199257918685674357e-02 1.018135731863511074e-03 2.298531505507404957e-03
2.678078308443635966e-02 1.601392453039267999e-02 8.417105634637887194e-04 2.332778850790141224e-03
2.717896646466656796e-02 1.194589454983530433e-02 6.885688465766034950e-04 2.367545667604892788e-03
2.758319489224650076e-02 7.112886895005878993e-03 5.046896353016976479e-04 2.402839735384470696e-03
2.799355827421967299e-02 5.710716403966628607e-03 4.295213279725065034e-04 2.438668953586708901e-03
2.841014788214341405e-02 5.487451104505401689e-03 4.180649381835274485e-04 2.475041343593434393e-03
2.883305637238914310e-02 5.581289628363809464e-03 4.126585765596036000e-04 2.511965050643643043e-03
2.926237780675071398e-02 7.604967013964960068e-03 4.782789986454055232e-04 2.549448345801655271e-03
2.969820767336535730e-02 9.576911906309897374e-03 5.354552335399072500e-04 2.587499627961036518e-03
3.014064290795174031e-02 1.176497684710619412e-02 5.814168714411091250e-04 2.626127425885085246e-03
3.058978191537017194e-02 1.263953297619104660e-02 5.998477067247760634e-04 2.665340400284767122e-03
3.104572459150943889e-02 1.408717887573660010e-02 6.168122733244325341e-04 2.705147345934916323e-03
3.150857234550531738e-02 1.510076547048101910e-02 6.343945170695445548e-04 2.745557193829634667e-03
3.197842812229566983e-02 1.552341823892434622e-02 6.252800166217209032e-04 2.786579013377786691e-03
3.245539642551704268e-02 1.390378551099533816e-02 5.695615895335967484e-04 2.828222014639561292e-03
3.293958334074804234e-02 1.373765291051645514e-02 5.644423382974880733e-04 2.870495550605086949e-03
3.343109655910457556e-02 1.235808879443166773e-02 5.128390022912623003e-04 2.913409119516098458e-03
3.393004540119207851e-02 1.042465802284035965e-02 4.532729233630009209e-04 2.956972367231717677e-03
3.443654084142019900e-02 9.605086121884464853e-03 4.383919156239916089e-04 3.001195089639432500e-03
3.495069553268544127e-02 6.998304471059463468e-03 3.549900703070342977e-04 3.046087235112400742e-03
3.547262383142691516e-02 4.830981063567838310e-03 2.835059892569214736e-04 3.091658907014217805e-03
3.600244182306117091e-02 3.843401285221547097e-03 2.482167201284628797e-04 3.137920366252375855e-03
3.654026734780149721e-02 2.897123269240616493e-03 2.130229017642301225e-04 3.184882033881623192e-03
3.708622002686753211e-02 2.088115045128918160e-03 1.717588093569506454e-04 3.232554493758529619e-03
3.764042128909098756e-02 1.568595201941629970e-03 1.461966814311521407e-04 3.280948495248564058e-03
3.820299439792341351e-02 1.559234643539280946e-03 1.463346076133726194e-04 3.330074955987063524e-03
3.877406447885203139e-02 2.019956730619211233e-03 1.650630965168461528e-04 3.379944964695521560e-03
3.935375854722974326e-02 2.978372464069528429e-03 2.015979429007199331e-04 3.430569784054644192e-03
3.994220553652535338e-02 3.033572362935736590e-03 2.000880466055482909e-04 3.481960853635717758e-03
4.053953632700056653e-02 3.778699640006064151e-03 2.218130507767653730e-04 3.534129792891823382e-03
4.114588377481991077e-02 3.707161582194683572e-03 2.076155448609433882e-04 3.587088404210603352e-03
4.176138274160008657e-02 4.412487841542321598e-03 2.259588806497877741e-04 3.640848676030156682e-03
4.238617012440546589e-02 4.216848920340980980e-03 2.204109607255113918e-04 3.695422786019934760e-03
4.302038488619619461e-02 3.683994107491258847e-03 2.039297041061375899e-04 3.750823104328355334e-03
4.366416808673588557e-02 3.180409618884547270e-03 1.835423100633019368e-04 3.807062196899053865e-03
4.431766291396564694e-02 2.634545226540766904e-03 1.658524274462405365e-04 3.864152828857731620e-03
4.498101471585132932e-02 2.425003197793579920e-03 1.587653784044517908e-04 3.922107967971584161e-03
4.565437103271147157e-02 1.858288615458788791e-03 1.379502687560203061e-04 3.980940788183439175e-03
4.633788163003252358e-02 1.207428954901503329e-03 1.054754533241770271e-04 4.040664673222738208e-03
4.703169853177926324e-02 8.031729375991845986e-04 8.461584384922979309e-05 4.101293220295652159e-03
4.773597605420740880e-02 7.700896832480858814e-04 8.429930078527727373e-05 4.162840243856638991e-03
4.845087084018601109e-02 1.000857612759021003e-03 9.670970616687100290e-05 4.225319779463882278e-03
4.917654189403751486e-02 9.477541347669471471e-04 9.343516380602807036e-05 4.288746087721116360e-03
4.991315061690282384e-02 9.620231227670373144e-04 9.303536028288582034e-05 4.353133658308452371e-03
5.066086084263967532e-02 1.110104208966005736e-03 9.852856237929465198e-05 4.418497214104935567e-03
5.141983887426191530e-02 1.257068822175736421e-03 1.038138029421458678e-04 4.484851715405594776e-03
5.219025352092799414e-02 1.423370204427117786e-03 1.094783923349829943e-04 4.552212364235969436e-03
5.297227613548693981e-02 1.222025183886292759e-03 1.026146566927877985e-04 4.620594608767105739e-03
5.376608065259007307e-02 1.121408278620300829e-03 9.764189787615967558e-05 4.690014147834189497e-03
5.457184362737682592e-02 9.568107481187977008e-04 8.951580205884902331e-05 4.760486935562079601e-03
5.538974427474364221e-02 9.151188740170754319e-04 8.853194568504711346e-05 4.832029186101158627e-03
5.621996450920417610e-02 7.502927953791978938e-04 7.957478682313436416e-05 4.904657378477008181e-03
5.706268898535016981e-02 6.852566227729220720e-04 7.616602905336496783e-05 4.978388261557622173e-03
5.791810513892158008e-02 5.139301021777440293e-04 6.609651594033434554e-05 5.053238859141910219e-03
5.878640322849544575e-02 4.730682525384690773e-04 6.266578763203074711e-05 5.129226475173538288e-03
5.966777637780246862e-02 4.000030112207271049e-04 5.880346418326154315e-05 5.206368699084153694e-03
6.056242061868089693e-02 4.115639550797653185e-04 6.116430465312943732e-05 5.284683411270320839e-03
6.147053493467723867e-02 5.082264591860960164e-04 6.775894194822556604e-05 5.364188788708620752e-03
6.239232130530347059e-02 4.754421387899488999e-04 6.435831316373438824e-05 5.444903310713546107e-03
6.332798475096056146e-02 5.413835582915039460e-04 6.695174515696379180e-05 5.526845764842990005e-03
6.427773337853845415e-02 6.431281118047304851e-04 7.650412436062813018e-05 5.610035252956377394e-03
6.524177842770234603e-02 4.980071219724024108e-04 7.050038609996579352e-05 5.694491197430606028e-03
6.622033431787589797e-02 2.771543466687041561e-04 5.160233642951984748e-05 5.780233347539263065e-03
6.721361869593170391e-02 3.613608667198010957e-04 5.955374591956566108e-05 5.867281786000733482e-03
6.822185248459941564e-02 3.180671816188182944e-04 5.557777985547949638e-05 5.955656935701052375e-03
6.924525993160257631e-02 1.847603553918389363e-04 4.214016547197845175e-05 6.045379566597629956e-03
7.028406865953518157e-02 1.794966218786570673e-04 4.399042114040135117e-05 6.136470802810228657e-03
7.133850971648840467e-02 1.551703645057460822e-04 4.318561480850973327e-05 6.228952129905686308e-03
7.240881762743965611e-02 3.244533638018082776e-04 6.065250016426582699e-05 6.322845402383427474e-03
7.349523044641481651e-02 1.959073383816638009e-04 4.281956475257562834e-05 6.418172851368775592e-03
7.459798980943517510e-02 2.187936286579748293e-04 5.212326176415760671e-05 6.514957092521593725e-03
7.571734098826142512e-02 1.610272428214442144e-04 4.350893946543662831e-05 6.613221134167978667e-03
7.685353294494602638e-02 1.779904329560293944e-04 4.558875686073773632e-05 6.712988385663093936e-03
7.800681838720646688e-02 2.261911773771686340e-04 5.170087785405398509e-05 6.814282665993501298e-03
7.917745382463158010e-02 1.798923042856480207e-04 4.716377946615987965e-05 6.917128212627787591e-03
8.036569962573363035e-02 1.114439927345412022e-04 3.804574941562789453e-05 7.021549690624537786e-03
8.157182007585835060e-02 1.244748750942162622e-04 4.040631283506822659e-05 7.127572202007158818e-03
8.279608343596632503e-02 1.459106883306634812e-04 4.459835889882843079e-05 7.235221295415378805e-03
8.403876200229888627e-02 1.275099113079372767e-04 3.930525715920403046e-05 7.344522976043753662e-03
8.530013216694100342e-02 1.158377335746959381e-04 3.849248777944304074e-05 7.455503715877762061e-03
8.658047447929542728e-02 1.407785898723925080e-04 4.483990346625244249e-05 7.568190464238725400e-03
8.788007370848162358e-02 5.507334164482288481e-05 2.497651141190332047e-05 7.682610658649076558e-03
8.919921890667305286e-02 5.029731879676807376e-05 2.597729805541439024e-05 7.798792236030025957e-03
9.053820347338700780e-02 6.660612631974728408e-05 3.122673001266892858e-05 7.916763644244201661e-03
9.189732522074160748e-02 2.166843009077963075e-05 1.712843575851810855e-05 8.036553853996339022e-03
9.327688643969402060e-02 5.441213806422150033e-05 3.042341697813575940e-05 8.158192371105606189e-03
9.467719396727489189e-02 3.998856628411567968e-05 2.417491016978713281e-05 8.281709249163726055e-03
9.609855925483408445e-02 1.193266929458898664e-04 4.290658511680045539e-05 8.407135102593686626e-03
9.754129843731237925e-02 1.094853885024518612e-04 4.016457756932210484e-05 8.534501120124309698e-03
9.900573240355521609e-02 6.677343387302003700e-05 3.369841443969436999e-05 8.663839078696776094e-03
1.004921868676834640e-01 6.825504651101231611e-05 3.726501185839665309e-05 8.795181357819573456e-03
1.020009924415378882e-01 4.971901810889358542e-05 2.830113599548823592e-05 8.928560954389430648e-03
1.035324847082122468e-01 8.252647271086955508e-05 4.022350767340416742e-05 9.064011497995955527e-03
1.050870042966927931e-01 9.589089759108505460e-05 4.798681741080842398e-05 9.201567266729073630e-03
1.066648969576195760e-01 5.028428603593158218e-05 3.557126744154207249e-05 9.341263203508486795e-03
1.082665136401870926e-01 7.889618823314062043e-05 4.557748465571664936e-05 9.483134932955761959e-03
1.098922105702011959e-01 6.378223989109350119e-05 3.957489149170349482e-05 9.627218778829946602e-03
1.115423493293094953e-01 4.881085900902716048e-05 3.529040840694577699e-05 9.773551782048953487e-03
1.132172969354230396e-01 2.650488412727843056e-05 2.651153329607506306e-05 9.922171719319465566e-03
1.149174259243471163e-01 5.103616730365432095e-06 5.104913260519638047e-06 1.007311712239930025e-02
