1.558578565908907629e-02 7.574215294795257902e-01 6.806482602657423775e-02 1.354644980920853992e-03
1.581266517718933270e-02 8.377899943457823850e-01 7.125499899419347749e-02 1.374495305866139157e-03
1.604306168951016506e-02 8.389555193186074566e-01 6.517414146305251788e-02 1.394651337162447491e-03
1.627702644008706054e-02 6.875500057294791079e-01 4.723585238942146908e-02 1.415117559905649646e-03
1.651461146658702445e-02 8.290887781660346567e-01 6.059956647282146308e-02 1.435898528654105857e-03
1.675586961188278365e-02 7.533485823892150934e-01 5.232890741312968413e-02 1.456998868461849023e-03
1.700085453580601688e-02 7.989646156907269647e-01 5.588314571890224541e-02 1.478423275928841384e-03
1.724962072708230085e-02 7.794691869117615912e-01 5.353400260696453833e-02 1.500176520268600971e-03
1.750222351545041577e-02 7.086148949833481758e-01 4.664805945467302012e-02 1.522263444393509449e-03
1.775871908396867843e-02 6.121113737130593480e-01 3.917740165468044239e-02 1.544688966018083242e-03
1.801916448151110253e-02 4.894513530358434172e-01 2.911211994019717239e-02 1.567458078780548580e-03
1.828361763545608559e-02 4.787920570619376703e-01 2.860362042490366061e-02 1.590575853383024508e-03
1.855213736457052634e-02 4.161271335522075954e-01 2.363880540039097616e-02 1.614047438750645155e-03
1.882478339209215160e-02 3.255159746216900740e-01 1.727049877517439561e-02 1.637878063209971709e-03
1.910161635901305374e-02 2.413440591255496537e-01 1.241985744113160116e-02 1.662073035687021503e-03
1.938269783756730799e-02 1.636072212790378733e-01 8.105077906532939455e-03 1.686637746925283938e-03
1.966809034492576422e-02 1.190173066683169467e-01 6.106823622755876320e-03 1.711577670724086014e-03
1.995785735710091033e-02 8.223382804301831994e-02 4.480133772819965866e-03 1.736898365197663517e-03
2.025206332306511703e-02 5.754731565797792381e-02 3.271292966659629375e-03 1.762605474055352903e-03
2.055077367908517139e-02 4.248198445127406714e-02 2.629740296590252560e-03 1.788704727903257753e-03
2.085405486327647148e-02 3.353220195984934343e-02 2.073788830182647040e-03 1.815201945567830643e-03
2.116197433038002201e-02 4.369483515179144878e-02 2.489070292863260463e-03 1.842103035441754882e-03
2.147460056676551293e-02 4.599829699161764318e-02 2.390359849894974163e-03 1.869413996852560891e-03
2.179200310566389159e-02 5.640273691868728095e-02 2.728024555203236150e-03 1.897140921454423465e-03
2.211425254263273479e-02 7.073596074616229912e-02 3.178815297227162353e-03 1.925289994643566245e-03
2.244142055125796995e-02 7.251015707587062098e-02 3.056925009135245345e-03 1.953867496997752171e-03
2.277357989909521707e-02 8.127848491770016393e-02 3.202213613723591239e-03 1.982879805740319409e-03
2.311080446385463394e-02 8.095090465125365231e-02 3.069295987387314802e-03 2.012333396229243256e-03
2.345316924983249091e-02 7.795390366722393383e-02 2.847466988715240642e-03 2.042234843471755091e-03
2.380075040459347230e-02 7.290292990252629501e-02 2.611098796647038332e-03 2.072590823664974356e-03
2.415362523590715987e-02 7.669246551539010692e-02 2.754730228335037449e-03 2.103408115763128004e-03
2.451187222894259457e-02 6.800526948677067252e-02 2.436955515928348852e-03 2.134693603071884105e-03
2.487557106372472945e-02 6.032944021179880573e-02 2.188101324727471497e-03 2.166454274870341281e-03
2.524480263285653128e-02 4.969781648057689655e-02 1.898818076212362409e-03 2.198697228061258137e-03
2.561964905951100158e-02 4.201250745174275186e-02 1.622106528016832843e-03 2.231429668850126811e-03
2.600019371569660398e-02 3.133486959185407400e-02 1.284948785462118040e-03 2.264658914453651813e-03
2.638652124080071576e-02 2.305163172441592953e-02 1.047417023140629526e-03 2.298392394838319388e-03
2.677871756041476370e-02 1.648113202942782726e-02 8.556574383256754625e-04 2.332637654489626809e-03
2.717686990544559630e-02 1.105441774453757610e-02 6.574815694039001313e-04 2.367402354212711033e-03
2.758106683151703709e-02 7.856710540524605366e-03 5.278055849876965274e-04 2.402694272964981271e-03
2.799139823866614307e-02 5.599762709694723443e-03 4.177696931614153825e-04 2.438521309721511810e-03
2.840795539133854353e-02 5.414609786285340572e-03 4.087912322638887689e-04 2.474891485373893751e-03
2.883083093868704649e-02 6.586673554232611548e-03 4.508197262182759256e-04 2.511812944663281179e-03
2.926011893517848142e-02 7.359834893472083639e-03 4.715402028290361204e-04 2.549293958148426704e-03
2.969591486151293078e-02 9.028267987335520176e-03 5.212103332079889026e-04 2.587342924209470093e-03
3.013831564586019404e-02 1.011149853558114889e-02 5.355468230300784683e-04 2.625968371088300071e-03
3.058741968541829961e-02 1.220083886324683890e-02 5.875904972584281493e-04 2.665178958966351892e-03
3.104332686829859231e-02 1.309177689167755586e-02 5.907309195931413582e-04 2.704983482080672037e-03
3.150613859574256242e-02 1.481907626743764368e-02 6.264380145746256809e-04 2.745390870879180299e-03
3.197595780467517995e-02 1.420760276720436921e-02 5.917814478604285300e-04 2.786410194216026089e-03
3.245288899059969173e-02 1.423918952225713963e-02 5.783693539649070996e-04 2.828050661587997849e-03
3.293703823083923149e-02 1.419212385086220107e-02 5.746025517600286290e-04 2.870321625413004268e-03
3.342851320813015198e-02 1.299542884925617738e-02 5.286745706807998444e-04 2.913232583351576220e-03
3.392742323457244302e-02 1.120185942485650565e-02 4.709231445462447015e-04 2.956793180672502661e-03
3.443387927594253328e-02 9.854410229475217553e-03 4.412742285577610050e-04 3.001013212663654773e-03
3.494799397637395055e-02 7.804590468171104453e-03 3.747667710505879165e-04 3.045902627089121153e-03
3.546988168341120434e-02 5.983703587132303651e-03 3.161581875543013854e-04 3.091471526693823253e-03
3.599965847344258063e-02 4.533679187822600883e-03 2.705596648155641137e-04 3.137730171756802390e-03
3.653744217751746237e-02 2.968880374291450394e-03 2.159874571512921131e-04 3.184688982694406072e-03
3.708335240755387952e-02 2.311587656853110462e-03 1.831158327183013477e-04 3.232358542714685104e-03
3.763751058294217272e-02 1.647433168474627275e-03 1.509754587939712627e-04 3.280749600524289489e-03
3.820003995755068965e-02 1.784324127191285175e-03 1.562944506253750052e-04 3.329873073089261327e-03
3.877106564713945352e-02 1.871087009758317212e-03 1.585354479628791518e-04 3.379740048451131563e-03
3.935071465718795874e-02 2.443091910378118042e-03 1.813438552318622052e-04 3.430361788599784693e-03
3.993911591114334553e-02 2.950713520336037052e-03 1.969855262480262200e-04 3.481749732404645740e-03
4.053640027909501814e-02 3.551962775353314627e-03 2.152665583761560308e-04 3.533915498605682236e-03
4.114270060688235420e-02 3.787720728906682904e-03 2.107773842304622440e-04 3.586870888865970226e-03
4.175815174564179166e-02 4.581962475672878010e-03 2.297553413928908703e-04 3.640627890887389480e-03
4.238289058179997570e-02 4.231448763896582775e-03 2.197478628831838593e-04 3.695198681591302728e-03
4.301705606751948102e-02 4.022702518485006193e-03 2.135136436139034111e-04 3.750595630365949340e-03
4.366078925160411794e-02 3.574384652549349086e-03 1.953190103157376623e-04 3.806831302382478535e-03
4.431423331087050443e-02 3.045832602366856968e-03 1.792699048828492818e-04 3.863918461981567191e-03
4.497753358199287760e-02 2.461633436829887764e-03 1.596305132826526427e-04 3.921870076132619350e-03
4.565083759382846523e-02 1.776425313155793710e-03 1.347070059087299631e-04 3.980699317967658149e-03
4.633429510023023834e-02 1.254445991766980689e-03 1.085107834389730002e-04 4.040419570392070336e-03
4.702805811335469127e-02 1.053503733851981474e-03 9.780715028469784736e-05 4.101044429774468487e-03
4.773228093747180351e-02 6.878276077436968521e-04 7.759515856615587035e-05 4.162587709717985480e-03
4.844712020328484359e-02 6.616493194991470220e-04 7.775137474757735185e-05 4.225063444915465836e-03
4.917273490276766884e-02 8.096799581910280388e-04 8.659163157996450011e-05 4.288485895091004654e-03
4.990928642452704261e-02 1.027366753868685619e-03 9.652365994843262339e-05 4.352869549030504749e-03
5.065693858969823327e-02 1.071955920034437827e-03 9.635780559631728802e-05 4.418229128703951222e-03
5.141585768838145137e-02 1.485798740799476212e-03 1.132541977356332704e-04 4.484579593482164277e-03
5.218621251662750732e-02 1.326205288759181936e-03 1.036657533001564155e-04 4.551936144451034817e-03
5.296817441398084941e-02 1.467467411241121962e-03 1.131800333222743261e-04 4.620314228826211816e-03
5.376191730158825371e-02 1.292812454438521490e-03 1.047861792438666662e-04 4.689729544471412520e-03
5.456761772088180446e-02 1.075510078103881660e-03 9.311929857507667777e-05 4.760198044523652333e-03
5.538545487284450564e-02 9.154151562263885319e-04 8.656604892546484618e-05 4.831735942128737200e-03
5.621561065786764844e-02 8.264563353378395717e-04 8.374431403340297682e-05 4.904359715290628439e-03
5.705826971620834437e-02 5.796301505255188396e-04 6.953135130750933725e-05 4.978086111838279579e-03
5.791361946905654312e-02 4.940898791394678947e-04 6.471687080119580839e-05 5.052932154513794551e-03
5.878185016022071524e-02 4.450529637778862001e-04 6.088504395964802567e-05 5.128915146185900574e-03
5.966315489844099818e-02 2.751544277380447469e-04 4.829047008575443464e-05 5.206052675192782836e-03
6.055772970033992258e-02 4.025053123171338479e-04 6.100829668815630451e-05 5.284362620818639465e-03
6.146577353401963539e-02 3.994900295017178669e-04 5.998700501844793083e-05 5.363863158908376005e-03
6.238748836331567404e-02 4.873010767027465733e-04 6.624534484337842141e-05 5.444572767625086712e-03
6.332307919271705499e-02 5.659261150815926003e-04 7.023072638857335193e-05 5.526510233355118318e-03
6.427275411296265450e-02 5.494477179648272385e-04 7.062002325445661309e-05 5.609694656765768644e-03
6.523672434732397107e-02 4.690678284441390138e-04 6.718512290117211014e-05 5.694145459020767859e-03
6.621520429858464285e-02 4.228456284710585956e-04 6.175857538798995366e-05 5.779882388159046647e-03
6.720841159672716336e-02 3.794830766677425877e-04 5.684317865189069622e-05 5.866925525642346755e-03
6.821656714733735638e-02 3.128943767578985097e-04 5.381249580378223864e-05 5.955295293077602324e-03
6.923989518073740690e-02 1.631405485087973151e-04 3.938866190567668837e-05 6.045012459120155737e-03
7.027862330185830064e-02 2.880795320532436978e-04 5.664620443134245239e-05 6.136098146564183085e-03
7.133298254086303802e-02 2.678009049976405251e-04 5.609879589647426577e-05 6.228573839626931619e-03
7.240320740453132231e-02 2.097381916790233786e-04 4.860130143053947562e-05 6.322461391433632609e-03
7.348953592841798999e-02 1.822431697274889365e-04 4.417088446878992771e-05 6.417783031710260974e-03
7.459220972979567488e-02 2.312008805702631185e-04 5.367459623189422093e-05 6.514561374691582758e-03
7.571147406139480673e-02 1.852205998131812659e-04 4.840904215140450173e-05 6.612819427252250755e-03
7.684757786595157458e-02 1.573254558814215500e-04 4.445729115027128247e-05 6.712580597268987849e-03
7.800077383157696942e-02 1.290025670432316742e-04 3.973793606506588916e-05 6.813868702222293169e-03
7.917131844795882722e-02 1.208094191381236512e-04 3.890441155964224733e-05 6.916707978046398447e-03
8.035947206340925131e-02 1.048166456606229558e-04 3.294057300790869969e-05 7.021123088236530703e-03
8.156549894277037582e-02 2.019191538987356361e-04 4.994670772285633140e-05 7.127139133223045660e-03
8.278966732619115476e-02 1.164629452329925014e-04 3.941670687793283247e-05 7.234781660022188837e-03
8.403224948878854073e-02 8.372675801426934523e-05 3.230635945287969819e-05 7.344076672173832816e-03
8.529352180120569615e-02 1.442881961499353630e-04 4.529213511191378973e-05 7.455050639976788969e-03
8.657376479108144784e-02 1.189100863926423736e-04 4.166290793029274502e-05 7.567730511032926856e-03
8.787326320544437686e-02 1.459387167680622458e-04 4.274974664821133030e-05 7.682143721111597302e-03
8.919230607404494970e-02 1.177909306024281071e-04 3.708659402475692504e-05 7.798318205346416350e-03
9.053118677364077604e-02 1.637204236195744888e-04 4.923249193467483175e-05 7.916282409777047543e-03
9.189020309324823221e-02 1.291261422067134154e-04 4.457655415054682853e-05 8.036065303248924457e-03
9.326965730037554969e-02 3.542363745631286294e-05 2.476823536839285034e-05 8.157696389684635993e-03
9.466985620825225933e-02 1.045154757008261403e-04 4.019482579711223228e-05 8.281205720741067339e-03
9.609111124406938265e-02 1.329637441674845998e-04 4.600204159327426649e-05 8.406623908867059958e-03
9.753373851824592711e-02 9.428295896164182795e-05 4.056674305560142803e-05 8.533982140776941172e-03
9.899805889473706211e-02 4.074035765144296629e-05 2.610369366323456633e-05 8.663312191355928768e-03
1.004843980623994909e-01 2.874183350627161640e-05 1.782768122623252567e-05 8.794646438013968559e-03
1.019930866074300752e-01 7.385504079392160256e-05 3.713147259195738307e-05 8.928017875505461429e-03
1.035244600868935189e-01 4.577784424679997059e-05 3.238242050386959506e-05 9.063460131232707606e-03
1.050788591033558067e-01 4.396943300183930474e-05 3.110450015071792565e-05 9.201007481052065132e-03
1.066566293806398419e-01 5.217624951029747173e-06 3.690964844671865111e-06 9.340694865602109168e-03
1.082581218407199369e-01 5.560787725159035120e-05 3.349296859195939553e-05 9.482557907174357301e-03
1.098836926817728377e-01 7.823438694793159254e-05 4.197475529406764051e-05 9.626632927147492011e-03
1.115337034574019337e-01 3.285922844171072982e-05 2.972644317600153866e-05 9.772956964007284766e-03
1.132085211570526412e-01 2.762511916514718210e-05 2.763204932203473330e-05 9.921567791974998662e-03
1.149085182876368738e-01 7.251120523785436469e-05 4.363135544594358921e-05 1.007250394026817410e-02
1.166340729563849071e-01 3.143600338653142044e-05 2.223962365829198974e-05 1.022580471301863178e-02
