1.558605209179394352e-02 7.763509762367993838e-01 6.969940591405249242e-02 1.354663235963637826e-03
1.581293561318258128e-02 8.435422240266289284e-01 7.173141507074295986e-02 1.374513833319643274e-03
1.604333618894116659e-02 8.098418328595625715e-01 6.302933633145203773e-02 1.394670141144414713e-03
1.627730506400895671e-02 6.914889236262516947e-01 4.749191518850245236e-02 1.415136644595493733e-03
1.651489427697030998e-02 8.285277657617701186e-01 6.055848169603064712e-02 1.435917898293848256e-03
1.675615667162910077e-02 7.758700745129366583e-01 5.382820249776919252e-02 1.457018527357067548e-03
1.700114590876213722e-02 7.905511169611039168e-01 5.532266483231806226e-02 1.478443228449632984e-03
1.724991647805431891e-02 7.615975809323225487e-01 5.236001044533626636e-02 1.500196770850560548e-03
1.750252371021816800e-02 6.885768730816052008e-01 4.538866245181340936e-02 1.522283997538723859e-03
1.775902378930038425e-02 5.958461978890454702e-01 3.818267673822456354e-02 1.544709826296141765e-03
1.801947376517819971e-02 4.756959073793223247e-01 2.833518844667125627e-02 1.567479250829567064e-03
1.828393156624830845e-02 4.518334499747327926e-01 2.708394890644914149e-02 1.590597341910686630e-03
1.855245601231121297e-02 4.084042612508116954e-01 2.323257714521113210e-02 1.614069248535261042e-03
1.882510682765375920e-02 3.064488174420423872e-01 1.634957122641587587e-02 1.637900199101551294e-03
1.910194465433294117e-02 2.206410152159715976e-01 1.147787776992431619e-02 1.662095502608365886e-03
1.938303106566371947e-02 1.494874849231446479e-01 7.517241043655697140e-03 1.686660549873093872e-03
1.966842857991406637e-02 1.118628626190262682e-01 5.820228039396812408e-03 1.711600814770085572e-03
1.995820067421009980e-02 7.309626755883469329e-02 4.118495305066283661e-03 1.736921855489746095e-03
2.025241179865452587e-02 5.724613515023872778e-02 3.269064697499790909e-03 1.762629315818739365e-03
2.055112739066147082e-02 4.466200965228434017e-02 2.718999452559209013e-03 1.788728926441679294e-03
2.085441388951090810e-02 3.816275337990156225e-02 2.256630572707976450e-03 1.815226506264725100e-03
2.116233875112590035e-02 4.638691374659619643e-02 2.582791174846874038e-03 1.842127963761483207e-03
2.147497046307596247e-02 4.699071323036688175e-02 2.416839128159140038e-03 1.869439298341643791e-03
2.179237855980990790e-02 6.438913681864939786e-02 2.988510522656084856e-03 1.897166601742798862e-03
2.211463363812146699e-02 7.531827385055273050e-02 3.324569977139097809e-03 1.925316059445863646e-03
2.244180737285127875e-02 7.692025716525970058e-02 3.191421812205412142e-03 1.953893952114587641e-03
2.277397253282857290e-02 8.370052954429856029e-02 3.275209224335461512e-03 1.982906657059616776e-03
2.311120299705619191e-02 9.135684846316799446e-02 3.357642673140006067e-03 2.012360649727566817e-03
2.345357377114255099e-02 8.386885469282397143e-02 3.004516314647146490e-03 2.042262505215670064e-03
2.380116100398421003e-02 7.198931325446289442e-02 2.589616778758524994e-03 2.072618899812430325e-03
2.415404200470259652e-02 7.181765142795377976e-02 2.631345276526891441e-03 2.103436612564858841e-03
2.451229525983893501e-02 6.412602405222138369e-02 2.340378702057772757e-03 2.134722526872836514e-03
2.487600045081096375e-02 5.504945013785097346e-02 2.055689720015426054e-03 2.166483632111119387e-03
2.524523847163539711e-02 5.037233767087435921e-02 1.916903740051656424e-03 2.198727025279600608e-03
2.562009144692016516e-02 3.696177557711839007e-02 1.493219341873711255e-03 2.231459912682395245e-03
2.600064275013027823e-02 2.729015687323806116e-02 1.177810072425365239e-03 2.264689611636358166e-03
2.638697702213150392e-02 2.140060850820426144e-02 9.997470161684587648e-04 2.298423552209665540e-03
2.677918019001591238e-02 1.583431825727840345e-02 8.345615494071656438e-04 2.332669278991077958e-03
2.717733948621349829e-02 1.074128741479877733e-02 6.480708182251232290e-04 2.367434452890587737e-03
2.758154346789414707e-02 7.345322999767278128e-03 5.109186833323025971e-04 2.402726852972080548e-03
2.799188203666420210e-02 5.816348946701416743e-03 4.298154592465981650e-04 2.438554378318760329e-03
2.840844645856215045e-02 5.946238458787538733e-03 4.328932507633488375e-04 2.474925049932016202e-03
2.883132938435759018e-02 5.946842891942149406e-03 4.246853579611218482e-04 2.511847012664507675e-03
2.926062487015844427e-02 7.457961487908114882e-03 4.719764177871447596e-04 2.549328537188221867e-03
2.969642839833054951e-02 1.019236403937089606e-02 5.547444394393706612e-04 2.587378021998294232e-03
3.013883689873447791e-02 1.126589506380745905e-02 5.670257499872246405e-04 2.626003995453395513e-03
3.058794877028441980e-02 1.290170916685281013e-02 6.071884438951785775e-04 2.665215117853563572e-03
3.104386390283369462e-02 1.333321248879023452e-02 5.967660709550658095e-04 2.705020183556294984e-03
3.150668369939191998e-02 1.595258011756234273e-02 6.550443257030847538e-04 2.745428123131840939e-03
3.197651109867878649e-02 1.530435428705963913e-02 6.176660731955980251e-04 2.786448005558594346e-03
3.245345059801919146e-02 1.551120581109575493e-02 6.062897277123738488e-04 2.828089040459530468e-03
3.293760827658532425e-02 1.431835505502525481e-02 5.771374472059768133e-04 2.870360580380722400e-03
3.342909181899034188e-02 1.272848148358697758e-02 5.220384916070438695e-04 2.913272123112875100e-03
3.392801053923927973e-02 1.112767670744940762e-02 4.697480298253346688e-04 2.956833314056999014e-03
3.443447540504219334e-02 9.974751038457935204e-03 4.466158429038362258e-04 3.001053948635263278e-03
3.494859906249531828e-02 7.220084095703407749e-03 3.606846227631616279e-04 3.045943974748174278e-03
3.547049586113534825e-02 5.091164557490013808e-03 2.900590266669184113e-04 3.091513495279220574e-03
3.600028187937269475e-02 3.871156160954332490e-03 2.493039364136420298e-04 3.137772770648200680e-03
3.653807495030923780e-02 3.041219282996741012e-03 2.188542805010437135e-04 3.184732221414448422e-03
3.708399468794635473e-02 2.225942651034995296e-03 1.785305886971287647e-04 3.232402430931267771e-03
3.763816251378904187e-02 1.759349040981753910e-03 1.558366400404175738e-04 3.280794148052867780e-03
3.820070168385205495e-02 1.976500699920217662e-03 1.645980976340787852e-04 3.329918289895194509e-03
3.877173731607408413e-02 2.010372055909319128e-03 1.650235535297422062e-04 3.379785944652075481e-03
3.935139641814604239e-02 2.669505906568538957e-03 1.900254030503015733e-04 3.430408374468122117e-03
3.993980791575968414e-02 3.196451001804583719e-03 2.052441764199935384e-04 3.481797018369958349e-03
4.053710268128278560e-02 3.592701354336488764e-03 2.161398117701759664e-04 3.533963495257272901e-03
4.114341356286731199e-02 3.992900156882409589e-03 2.174519615168374657e-04 3.586919606955425201e-03
4.175887541399703196e-02 4.257648646169306592e-03 2.207415200954224513e-04 3.640677341331191325e-03
4.238362512348121253e-02 3.970885931941813170e-03 2.122107471981339079e-04 3.695248875473487911e-03
4.301780164590081335e-02 3.887016494695208491e-03 2.105105867793108658e-04 3.750646578940813967e-03
4.366154603251439642e-02 3.567295947722398664e-03 1.957254338625474517e-04 3.806883017077336995e-03
4.431500146263021161e-02 3.077963604424312650e-03 1.791020924073233778e-04 3.863970954399561543e-03
4.497831327545155633e-02 2.184763245569248252e-03 1.485577798418086768e-04 3.921923358055577277e-03
4.565162900240272298e-02 1.635572803814967346e-03 1.286637565657677959e-04 3.980753401359005995e-03
4.633509839994231355e-02 1.370106237710778637e-03 1.124482959088839352e-04 4.040474467399802518e-03
4.702887348287160957e-02 9.398309693229716126e-04 9.098056086594614761e-05 4.101100152734174151e-03
4.773310855814511672e-02 8.180947446303704976e-04 8.649329543875503045e-05 4.162644271155928506e-03
4.844796025919095167e-02 7.403220803738516350e-04 8.283913689147540691e-05 4.225120857551723820e-03
4.917358758074876629e-02 9.480500423352715509e-04 9.452704974676241225e-05 4.288544171842673808e-03
4.991015191423268244e-02 1.000475308968608312e-03 9.529743453596473883e-05 4.352928703014962049e-03
5.065781708362752933e-02 1.197238416531531046e-03 1.030628917328987008e-04 4.418289173242179874e-03
5.141674938192585670e-02 1.207742029034685827e-03 1.010201670152867105e-04 4.484640542102149435e-03
5.218711760811427236e-02 1.319215765389278100e-03 1.035814348315670713e-04 4.551998010891218291e-03
5.296909310471715343e-02 1.510263585937209095e-03 1.148516505758801436e-04 4.620377027039021360e-03
5.376284979590599533e-02 1.164041856777480333e-03 9.957062757652069586e-05 4.689793288626861387e-03
5.456856422618297509e-02 1.082632832572706996e-03 9.608758485671002180e-05 4.760262749013005612e-03
5.538641559964743027e-02 7.442868530143034343e-04 7.948258223713468090e-05 4.831801621568263157e-03
5.621658581985370523e-02 6.192546711488364480e-04 7.196633372789954474e-05 4.904426384525410569e-03
5.705925953026952380e-02 6.188357260936253089e-04 7.176953749500490827e-05 4.978153785946118001e-03
5.791462415534374963e-02 3.956768153284141287e-04 5.759562513248767893e-05 5.053000848809196741e-03
5.878286994219263095e-02 4.634073611974862442e-04 6.250143416378186104e-05 5.128984876224127604e-03
5.966419000291385555e-02 3.500592656239450437e-04 5.458686721308067259e-05 5.206123456774004905e-03
6.055878035753792937e-02 4.565555628181980612e-04 6.492011937704421495e-05 5.284434469992171229e-03
6.146683997762616980e-02 5.115370070146508553e-04 6.736695545288096207e-05 5.363936091976999505e-03
6.238857083052528479e-02 5.388439843521699831e-04 6.882929051926266000e-05 5.444646801149468848e-03
6.332417792428818304e-02 5.909101474139337538e-04 7.102547448262170942e-05 5.526585384158322865e-03
6.427386935327121520e-02 5.767524367754007153e-04 7.144699514807812551e-05 5.609770941937866282e-03
6.523785634441768566e-02 4.985846893211134771e-04 6.941139118898612831e-05 5.694222895923551145e-03
6.621635330423822352e-02 3.807906829663900306e-04 5.948495902018456307e-05 5.779960994430840410e-03
6.720957786649831012e-02 2.929784151224351782e-04 5.109252891251587423e-05 5.867005319202932972e-03
6.821775094062358658e-02 3.124170153937480716e-04 5.466273354984191492e-05 5.955376292133249955e-03
6.924109676083371745e-02 2.664361741928639041e-04 5.141265163351592702e-05 6.045094682168762439e-03
7.027984293601584331e-02 3.036125419411090471e-04 5.856494110867811281e-05 6.136181612400553112e-03
7.133422050034841921e-02 1.147988117440381923e-04 3.640116180072692966e-05 6.228658567348136117e-03
7.240446396468705470e-02 2.805173085356719846e-04 5.626407322938590220e-05 6.322547400444535580e-03
7.349081136872362419e-02 2.163774702747299028e-04 4.612764131056096495e-05 6.417870341729141510e-03
7.459350433393005519e-02 2.091893306826074148e-04 4.991446912070025675e-05 6.514650005755908205e-03
7.571278811729911795e-02 3.152654772436738989e-04 6.371219074363275101e-05 6.612909399724577371e-03
7.684891166589336020e-02 1.090887878266679943e-04 3.586841088562371855e-05 6.712671931843002850e-03
7.800212767221524623e-02 1.276278634172158194e-04 4.074160367384704374e-05 6.813961419929010291e-03
7.917269263040993543e-02 1.376015389401163567e-04 4.302503760626796901e-05 6.916802100260489687e-03
8.036086689331387034e-02 1.246316537314426972e-04 4.027609845029252005e-05 7.021218636682815921e-03
8.156691473036158102e-02 1.253994810188430804e-04 4.072515471688728544e-05 7.127236129983157385e-03
8.279110438636329283e-02 1.550498281662534693e-04 4.672250575717037382e-05 7.234880127541373253e-03
8.403370814116732646e-02 1.031628934250512655e-04 3.713102123984202569e-05 7.344176633267944163e-03
8.529500237021933606e-02 1.141388641247275537e-04 3.993131896744943896e-05 7.455152117839460024e-03
8.657526760603280469e-02 1.107402983534180483e-04 3.900732813819061826e-05 7.567833529242904214e-03
8.787478860058407781e-02 1.313678621061022903e-04 3.967429813086292622e-05 7.682248303640271808e-03
8.919385438864593785e-02 9.962519148314149945e-05 3.232002025909001467e-05 7.798424376565563435e-03
9.053275835207355571e-02 6.592401194929253577e-05 2.802472027782662467e-05 7.916390194466733227e-03
9.189179828505761316e-02 7.174461394639920872e-05 3.362596390998409543e-05 8.036174726605659416e-03
9.327127646035834885e-02 3.529313194598526814e-05 2.479093030210203794e-05 8.157807477329715243e-03
9.467149969653620989e-02 4.184507508081004856e-05 2.542966985461534904e-05 8.281318498729149311e-03
9.609277942619320889e-02 7.031579564128894410e-05 3.351007604174178762e-05 8.406738403694954606e-03
9.753543176524066827e-02 3.327022006389679783e-05 2.373255744974957473e-05 8.534098379392658293e-03
9.899977758320863130e-02 4.587685673123930222e-05 2.942846654895741972e-05 8.663430201167967443e-03
1.004861425746123860e-01 4.599016974140865779e-05 2.753700172856916238e-05 8.794766246900854664e-03
1.019948573313923523e-01 5.649232334186746191e-05 3.281252283375337970e-05 8.928139511825534946e-03
1.035262574164432792e-01 5.437033204258637650e-07 5.438091199991461191e-07 9.063583623834230857e-03
1.050806834382485844e-01 2.397272439777126365e-05 2.397789714747240164e-05 9.201132859283551318e-03
1.066584811266376026e-01 6.891041580059866661e-05 4.016439734608021642e-05 9.340822159322997864e-03
1.082600014096813529e-01 7.409365601439437429e-05 4.058775671322543570e-05 9.482687146765955352e-03
1.098856004917449086e-01 3.915357718301360564e-05 2.969832879308870516e-05 9.626764143524259645e-03
1.115356399327127879e-01 3.330717657408364040e-06 3.331446524099596020e-06 9.773090188628409669e-03
1.132104867284061817e-01 5.415569798595685960e-05 3.832163974183559128e-05 9.921703056856355160e-03
1.149105133922083966e-01 5.103616730365432095e-06 5.104913260519638047e-06 1.007264127799458939e-02
1.166360980379183704e-01 8.092694330842670908e-05 5.169443315128105461e-05 1.022594415675654594e-02
