1.559073401184724560e-02 7.524763512295126189e-01 6.767341653794255174e-02 1.354984035627885023e-03
1.581768788149220256e-02 8.719847519451939810e-01 7.402565275526930277e-02 1.374839420127237132e-03
1.604815986248894072e-02 8.462931725350123502e-01 6.571539584314152471e-02 1.395000587457311285e-03
1.628220121565843170e-02 7.383534772085831310e-01 5.054042561405131667e-02 1.415472023859437080e-03
1.651986399570538194e-02 8.790188463144728015e-01 6.409292267404842480e-02 1.436258285054790255e-03
1.676120106279620214e-02 7.918215382629840704e-01 5.487573635933803984e-02 1.457363997277840969e-03
1.700626609431609565e-02 8.332118338039716798e-01 5.818158697482825326e-02 1.478793858326886944e-03
1.725511359680790419e-02 8.503396242096052937e-01 5.821641745975722482e-02 1.500552638631961599e-03
1.750779891809536859e-02 8.069479785567666985e-01 5.285683872985153658e-02 1.522645182340420528e-03
1.776437825959351763e-02 7.234697647964997147e-01 4.598264230191236035e-02 1.545076408420507311e-03
1.802490868880884597e-02 6.014124802719829077e-01 3.540549740664598877e-02 1.567851311783213710e-03
1.828944815203221649e-02 6.390347416275515835e-01 3.761654479568335430e-02 1.590974964422767549e-03
1.855805548722713749e-02 5.644150957355821285e-01 3.147540775839800103e-02 1.614452516576053796e-03
1.883079043711638825e-02 4.685234899935534769e-01 2.419128093638897234e-02 1.638289197901336616e-03
1.910771366246987249e-02 3.934655624612643510e-01 1.933906838839900139e-02 1.662490318676598106e-03
1.938888675559662794e-02 3.001810821097974369e-01 1.373909401824183717e-02 1.687061271017874925e-03
1.967437225404409032e-02 2.436958447819419227e-01 1.114640391187814682e-02 1.712007530117944315e-03
1.996423365450752593e-02 2.009020769938796858e-01 9.217955728271278251e-03 1.737334655505728140e-03
2.025853542695280410e-02 1.405670084987686586e-01 6.447182926322247293e-03 1.763048292326813930e-03
2.055734302895566301e-02 1.011792373350608037e-01 4.894612138900924191e-03 1.789154172645465897e-03
2.086072292026062286e-02 6.052683882804196086e-02 3.078539062439239037e-03 1.815658116768550500e-03
2.116874257756276578e-02 4.675630093328921738e-02 2.592053143186173400e-03 1.842566034591767510e-03
2.148147050951572726e-02 3.682572666792703620e-02 2.060791444699243326e-03 1.869883926968627210e-03
2.179897627196923995e-02 3.266936050606551040e-02 1.910811463099520210e-03 1.897617887102612385e-03
2.212133048343951566e-02 4.046637457256684056e-02 2.185497491726742011e-03 1.925774101962950341e-03
2.244860484081602839e-02 4.746026517889036928e-02 2.288851863692497463e-03 1.954358853724478054e-03
2.278087213530813337e-02 5.829136683220111081e-02 2.529759163092969165e-03 1.983378521232068842e-03
2.311820626863508865e-02 6.313303484099157259e-02 2.573275502105442595e-03 2.012839581490075049e-03
2.346068226946302140e-02 6.908116245410847456e-02 2.616162570263936768e-03 2.042748611177350529e-03
2.380837631009263822e-02 7.108804162077375643e-02 2.570072932197884491e-03 2.073112288188284653e-03
2.416136572340119373e-02 7.712562516459681161e-02 2.768090665739726328e-03 2.103937393200433752e-03
2.451972902004264862e-02 7.755191939821373670e-02 2.673317302960585146e-03 2.135230811269270192e-03
2.488354590590977772e-02 7.794700074561708436e-02 2.617324474431891642e-03 2.166999533450599848e-03
2.525289729986208292e-02 7.092891001567010190e-02 2.421213407378976657e-03 2.199250658451230855e-03
2.562786535172354233e-02 6.341769480897987976e-02 2.137489128825418444e-03 2.231991394308476505e-03
2.600853346055408827e-02 5.045322533284697653e-02 1.747549124776540163e-03 2.265229060099098989e-03
2.639498629319897774e-02 4.370549594467373899e-02 1.563093003035393759e-03 2.298971087678324150e-03
2.678730980312011428e-02 4.054359331300672747e-02 1.479884534238200874e-03 2.333225023449549563e-03
2.718559124951355419e-02 3.163467643921301364e-02 1.214467041323117127e-03 2.367998530165438525e-03
2.758991921671737069e-02 2.521548933909718848e-02 1.027138343728207712e-03 2.403299388761040521e-03
2.800038363391434484e-02 1.786304766957402812e-02 7.970820333239259309e-04 2.439135500219685379e-03
2.841707579513370191e-02 1.295486418175021727e-02 6.641057911119071155e-04 2.475514887472323768e-03
2.884008837955638269e-02 8.670403683603838604e-03 5.239311879002563847e-04 2.512445697331101152e-03
2.926951547212850932e-02 6.504539759663511070e-03 4.385073145557158740e-04 2.549936202457905952e-03
2.970545258448742398e-02 4.447067297718571011e-03 3.560919586043701478e-04 2.587994803368696799e-03
3.014799667620500848e-02 4.336443770943729584e-03 3.393685774522126682e-04 2.626630030474403407e-03
3.059724617635320443e-02 5.424777619769862586e-03 3.777740722493310756e-04 2.665850546159283154e-03
3.105330100539618540e-02 6.266783681061144709e-03 3.948284686016143887e-04 2.705665146897547405e-03
3.151626259741436425e-02 7.261899143130457618e-03 4.216460394902288170e-04 2.746082765409199513e-03
3.198623392266504439e-02 9.071601082112011952e-03 4.621144968573310629e-04 2.787112472855981377e-03
3.246331951048465891e-02 1.097565219359332087e-02 4.998739503816914927e-04 2.828763481078386093e-03
3.294762547253785034e-02 1.169503060036059493e-02 5.144511552334230919e-04 2.871045144874741998e-03
3.343925952641846333e-02 1.309775121609697661e-02 5.321937044651529111e-04 2.913966964323346474e-03
3.393833101960774812e-02 1.294839602745312922e-02 5.109404756480096779e-04 2.957538587148738490e-03
3.444495095379497551e-02 1.226662763505819917e-02 4.978024788481806052e-04 3.001769811133172400e-03
3.495923200956612548e-02 1.140772802845462126e-02 4.635357673288969279e-04 3.046670586574417097e-03
3.548128857146587434e-02 1.067751539864558730e-02 4.367633707764673689e-04 3.092251018791052335e-03
3.601123675343859826e-02 9.978442843402841184e-03 4.173122365059611693e-04 3.138521370676445287e-03
3.654919442465404816e-02 8.447830956508431410e-03 3.772124203364381071e-04 3.185492065302649844e-03
3.709528123572340685e-02 6.329534260695426559e-03 3.080003881083278705e-04 3.233173688575521898e-03
3.764961864531153612e-02 5.564763870404178768e-03 2.867587890158660650e-04 3.281576991942355536e-03
3.821232994715140913e-02 3.667332456437636529e-03 2.271196452419225196e-04 3.330712895153434445e-03
3.878354029746661907e-02 2.744255182205973965e-03 1.936465740440912692e-04 3.380592489078891073e-03
3.936337674280829951e-02 1.762240259739544096e-03 1.531192045049150729e-04 3.431227038582380148e-03
3.995196824831222931e-02 1.604264979253491007e-03 1.436305203582371093e-04 3.482627985453044979e-03
4.054944572638286004e-02 1.392157638527807655e-03 1.323506498366974651e-04 3.534806951397362514e-03
4.115594206581047604e-02 1.513407361766532563e-03 1.309222864600424860e-04 3.587775741092555024e-03
4.177159216132770442e-02 2.261975177234032842e-03 1.598586095675270154e-04 3.641546345303137925e-03
4.239653294361241803e-02 2.341913138992289620e-03 1.618706409208958035e-04 3.696130944062485033e-03
4.303090340974332489e-02 2.845036815315944538e-03 1.786012637818119788e-04 3.751541909921129059e-03
4.367484465411524547e-02 2.921838313356305700e-03 1.765969007331535381e-04 3.807791811263721172e-03
4.432849989982082239e-02 3.196023997700551175e-03 1.825639181158315773e-04 3.864893415696591620e-03
4.499201453050561544e-02 3.351801086234406507e-03 1.875593854400471865e-04 3.922859693507919389e-03
4.566553612270393692e-02 3.109417814644555109e-03 1.807039459084518478e-04 3.981703821202618558e-03
4.634921447866220678e-02 2.739204856006224962e-03 1.621291829691348847e-04 4.041439185114102835e-03
4.704320165965746731e-02 2.278627564272196759e-03 1.448154069486398134e-04 4.102079385095183835e-03
4.774765201981830132e-02 1.902145430616740017e-03 1.332012708709979414e-04 4.163638238290436749e-03
4.846272224045574534e-02 1.613449701286631286e-03 1.227352405937843258e-04 4.226129782992488031e-03
4.918857136491178172e-02 1.213193621358480724e-03 1.060852270292931632e-04 4.289568282584674958e-03
4.992536083393312590e-02 7.402115143135293241e-04 8.193455349663663137e-05 4.353968229572751161e-03
5.067325452157844801e-02 7.137814284964548190e-04 7.970926965653552323e-05 4.419344349708345145e-03
5.143241877166650211e-02 4.965114443218380472e-04 6.373448170797341964e-05 4.485711606206922199e-03
5.220302243477376730e-02 7.095917124608121110e-04 7.752685929106982042e-05 4.553085204063257729e-03
5.298523690578967743e-02 6.361691103277099810e-04 7.431267810261140490e-05 4.621480594467405716e-03
5.377923616203753032e-02 9.130644345943423907e-04 8.780849041966810203e-05 4.690913479324315162e-03
5.458519680196995821e-02 1.114253908309892739e-03 9.542687149098654431e-05 4.761399815880395722e-03
5.540329808444736936e-02 1.156433114538843584e-03 9.817622932833699036e-05 4.832955821460405664e-03
5.623372196860795119e-02 1.050283783044196704e-03 9.506815075968093527e-05 4.905597978318211420e-03
5.707665315433847752e-02 1.163235995738446651e-03 1.005703042847105682e-04 4.979343038605092871e-03
5.793227912335449648e-02 9.114588172938543117e-04 8.884295069354087313e-05 5.054208029459404672e-03
5.880079018089948845e-02 6.987106142319169126e-04 7.627650602995094645e-05 5.130210258221561820e-03
5.968237949807167486e-02 5.034009025186305612e-04 6.469421664061141626e-05 5.207367317778474614e-03
6.057724315478858756e-02 6.154609394137122583e-04 7.584175789858499047e-05 5.285697092041718656e-03
6.148558018339844028e-02 2.121143449309360635e-04 4.294677982612682843e-05 5.365217761563903336e-03
6.240759261294812760e-02 2.406913250019863861e-04 4.700392249128129734e-05 5.445947809297865295e-03
6.334348551411782269e-02 2.949554210455316216e-04 5.101949577996734640e-05 5.527906026503506820e-03
6.429346704483211716e-02 3.344417064711770150e-04 5.327478355314411946e-05 5.611111518807307234e-03
6.525774849655774368e-02 4.848119583259814271e-04 6.693791018654905462e-05 5.695583712419687202e-03
6.623654434129813695e-02 3.469419575187797302e-04 5.438248039964975006e-05 5.781342360515687694e-03
6.723007227929571339e-02 3.810855176535724335e-04 5.952791224969675025e-05 5.868407549784581539e-03
6.823855328745184745e-02 4.730373625487468742e-04 6.889912019762502496e-05 5.956799707154286985e-03
6.926221166847579269e-02 4.344875416943664486e-04 6.622207518391056064e-05 6.046539606696697301e-03
7.030127510077330277e-02 3.475520143256022234e-04 6.038477099800554804e-05 6.137648376720280727e-03
7.135597468908604080e-02 2.576789915493035558e-04 5.517850063137086467e-05 6.230147507056538365e-03
7.242654501589301796e-02 1.877592903106031286e-04 4.726734667882426542e-05 6.324058856547242445e-03
7.351322419358569116e-02 1.480106495721652496e-04 4.104593229319336708e-05 6.419404660739560370e-03
7.461625391742790492e-02 1.713903348623279136e-04 4.623005763151326629e-05 6.516207539796558569e-03
7.573587951931301521e-02 1.273406103061709271e-04 3.601919994757943040e-05 6.614490506630823011e-03
7.687235002232968573e-02 2.216532762690663399e-04 5.080119401735215534e-05 6.714276975269264577e-03
7.802591819614865254e-02 2.154502968125476630e-04 4.851527438936536053e-05 6.815590769457504500e-03
7.919684061324297475e-02 2.284251985196681886e-04 5.103334230299353080e-05 6.918456131512615813e-03
8.038537770595376164e-02 2.640906615279026344e-04 5.799160401556443351e-05 7.022897731433252674e-03
8.159179382441485162e-02 1.249526339312508419e-04 3.816776691066376754e-05 7.128940676276753624e-03
8.281635729534833623e-02 2.164149325743669916e-04 5.400318944049987198e-05 7.236610519812955791e-03
8.405934048174502904e-02 9.942550272874725343e-05 3.370792649790086814e-05 7.345933272465086754e-03
8.532101984344246659e-02 9.954587333192994989e-05 3.715838209050359062e-05 7.456935411548365304e-03
8.660167599861387511e-02 1.293891709640552134e-04 4.217476088692442338e-05 7.569643891817468863e-03
8.790159378618252195e-02 1.358613976360422630e-04 4.075444683491791952e-05 7.684086156334456359e-03
8.922106232917445534e-02 7.502059287763741596e-05 2.965164206424866951e-05 7.800290147669167347e-03
9.056037509902414850e-02 1.113569811036736675e-04 4.060602070331784141e-05 7.918284319444699251e-03
9.191982998084748113e-02 9.346418132902725826e-05 3.777361124625667284e-05 8.038097648241029555e-03
9.329972933969618576e-02 7.575804426598119570e-05 3.520815997905180121e-05 8.159759645870358000e-03
9.470038008780883032e-02 1.102036884586930782e-04 4.150805139286722597e-05 8.283300372038384859e-03
9.612209375287303348e-02 4.876675335130021329e-05 2.608272825119395979e-05 8.408750447406217535e-03
9.756518654731451134e-02 3.793326722248513785e-05 2.418349526833549364e-05 8.536141067068351435e-03
9.902997943862779096e-02 5.643698388147662935e-05 3.286398085645408923e-05 8.665504014462619559e-03
1.005167982207646055e-01 9.789097093636868517e-05 4.336223163598126580e-05 8.796871675728779733e-03
1.020259735865959028e-01 1.224763098180684418e-04 4.830294335900242494e-05 8.930277054533105816e-03
1.035578412014633715e-01 6.415486367266322256e-05 3.651503749299489976e-05 9.065753787376956349e-03
1.051127417778367629e-01 1.139279411737774314e-04 5.105056297826163214e-05 9.203336159408142397e-03
1.066910211510941342e-01 5.810117235076336576e-05 3.585222569052259412e-05 9.343059120754544297e-03
1.082930303564411112e-01 1.051644537950869278e-04 5.262339384571830048e-05 9.484958303400485222e-03
1.099191257069870864e-01 1.893345167743416284e-05 1.339311351306827926e-05 9.629070038626771910e-03
1.115696688729948399e-01 3.849241994153131363e-05 2.723016227091448082e-05 9.775431375036672949e-03
1.166716840214739592e-01 3.596534319576869795e-05 3.597425330373570503e-05 1.022839463301920826e-02
