1.562483278978060892e-02 7.516255403211976605e-01 6.760086898792752597e-02 1.357321057777489048e-03
1.585229901110921102e-02 8.413095790617834968e-01 7.155186917643070743e-02 1.377211317310368449e-03
1.608329104186823066e-02 8.069944738172978305e-01 6.281273233057024785e-02 1.397407886831230229e-03
1.631786025854640304e-02 7.212517188936383716e-01 4.943556633658118676e-02 1.417915260476909634e-03
1.655605883325409269e-02 8.746041973195003427e-01 6.379318551122063752e-02 1.438738001983701784e-03
1.679793974532739140e-02 7.910480948906769560e-01 5.482146676312763672e-02 1.459880745722674355e-03
1.704355679311169575e-02 8.659785196249005779e-01 6.037371575660833295e-02 1.481348197752096118e-03
1.729296460592745499e-02 8.471589124687953776e-01 5.800324430558082001e-02 1.503145136887264113e-03
1.754621865622075713e-02 7.793153586109617947e-01 5.111404544094919067e-02 1.525276415788051447e-03
1.780337527190139699e-02 7.055471844410453608e-01 4.489534956316017233e-02 1.547746962064454812e-03
1.806449164887126424e-02 6.057020327229788448e-01 3.566032849973723579e-02 1.570561779400480402e-03
1.832962586374571948e-02 6.347612066021249833e-01 3.738736480871402562e-02 1.593725948696679204e-03
1.859883688677090377e-02 5.677765774236603891e-01 3.165892124837579868e-02 1.617244629231653864e-03
1.887218459493977471e-02 4.550093551172583739e-01 2.353841165873190450e-02 1.641123059842903610e-03
1.914972978530983180e-02 3.814815265918992115e-01 1.879533496726783909e-02 1.665366560127319682e-03
1.943153418852542821e-02 2.851750356428272570e-01 1.312440875632261972e-02 1.689980531661708146e-03
1.971766048254781217e-02 2.401335584417506608e-01 1.100873713205070131e-02 1.714970459243709807e-03
2.000817230659578116e-02 1.829060316445161316e-01 8.508739776769642937e-03 1.740341912153466758e-03
2.030313427530016160e-02 1.245473137971924160e-01 5.844322847404386130e-03 1.766100545436448009e-03
2.060261199307525382e-02 9.172922174074452095e-02 4.540437992429923429e-03 1.792252101207802593e-03
2.090667206871037534e-02 5.775139706274744211e-02 2.985967226679058298e-03 1.818802409978667557e-03
2.121538213018484345e-02 4.592338335775366515e-02 2.573253717498863013e-03 1.845757392004824821e-03
2.152881083970958551e-02 3.138926670489775028e-02 1.865473866072460147e-03 1.873123058658143856e-03
2.184702790899880828e-02 3.279582689488765718e-02 1.916262988607865233e-03 1.900905513821245577e-03
2.217010411477508824e-02 4.261796212958125080e-02 2.260253539115599647e-03 1.929110955305833293e-03
2.249811131451134524e-02 4.980729352474975308e-02 2.363531410857551418e-03 1.957745676295150842e-03
2.283112246241314480e-02 5.550589915892751441e-02 2.451291662110903838e-03 1.986816066811047769e-03
2.316921162564501008e-02 6.415589005369166931e-02 2.609035032184727973e-03 2.016328615206117777e-03
2.351245400080413314e-02 6.437061634761884199e-02 2.491896911632163810e-03 2.046289909681447972e-03
2.386092593064550321e-02 7.216835243675287503e-02 2.598227656553384404e-03 2.076706639830444047e-03
2.421470492106173739e-02 7.856476663821353179e-02 2.802841276124867689e-03 2.107585598209292359e-03
2.457386965832172518e-02 6.953797948837286969e-02 2.475699570330587920e-03 2.138933681934596445e-03
2.493850002657184428e-02 7.156453798688204582e-02 2.463728103955903446e-03 2.170757894308734427e-03
2.530867712560343902e-02 6.979554347873959119e-02 2.394864793804298789e-03 2.203065346473511051e-03
2.568448328889088791e-02 6.124666892659601930e-02 2.086066940219195604e-03 2.235863259092717159e-03
2.606600210190387901e-02 5.288836245596898605e-02 1.800901885661280793e-03 2.269158964064167325e-03
2.645331842069827133e-02 4.649373759446081417e-02 1.622578891402281153e-03 2.302959906261878298e-03
2.684651839078948388e-02 3.769782648366044875e-02 1.407649200808249552e-03 2.337273645308994997e-03
2.724568946631269681e-02 2.778776634495006351e-02 1.120726920726073132e-03 2.372107857382158794e-03
2.765092042947413925e-02 2.153979059056508258e-02 9.364946552363402925e-04 2.407470337047978599e-03
2.806230141029773112e-02 1.458703765577310137e-02 7.106082034817632828e-04 2.443368999132318562e-03
2.847992390667150250e-02 1.199803463763415325e-02 6.353273217540374596e-04 2.479811880623114095e-03
2.890388080469821069e-02 8.054475329342865655e-03 5.039365011605433705e-04 2.516807142607475119e-03
2.933426639935482819e-02 6.294721996624173463e-03 4.343920248864817889e-04 2.554363072243846355e-03
2.977117641546530441e-02 4.537646463525601796e-03 3.583846910122785419e-04 2.592488084770000912e-03
3.021470802899131267e-02 4.395566970378489424e-03 3.442211247203301699e-04 2.631190725547692937e-03
3.066495988864582217e-02 5.046831646323596959e-03 3.654599589230290340e-04 2.670479672144824516e-03
3.112203213783423100e-02 6.025584861835189647e-03 3.850913698391108912e-04 2.710363736455979455e-03
3.158602643692789980e-02 7.680992465468536312e-03 4.327827293532093833e-04 2.750851866862226436e-03
3.205704598587514470e-02 1.059091702343768586e-02 5.026444580242589357e-04 2.791953150431121349e-03
3.253519554715454676e-02 1.141044125935413919e-02 5.106163798340931925e-04 2.833676815157851192e-03
3.302058146907588254e-02 1.250868594362121271e-02 5.366843867523903673e-04 2.876032232248540866e-03
3.351331170943383508e-02 1.206646426471632422e-02 5.071955781377056761e-04 2.919028918446695160e-03
3.401349585951948112e-02 1.208051127448232093e-02 4.911265238474358478e-04 2.962676538403857113e-03
3.452124516849527230e-02 1.251178785684056022e-02 5.051732390996200228e-04 3.006984907095579078e-03
3.503667256813865205e-02 1.127585927536666789e-02 4.609528053661896864e-04 3.051963992283793312e-03
3.555989269795999108e-02 1.014928594408305053e-02 4.249180117009660829e-04 3.097623917026789443e-03
3.609102193070026776e-02 8.496801566830811461e-03 3.818205118491454792e-04 3.143974962237969760e-03
3.663017839821427341e-02 6.991034149437111260e-03 3.418526726754617931e-04 3.191027569294616582e-03
3.717748201774518507e-02 5.293255566149336795e-03 2.827618268879396562e-04 3.238792342698009179e-03
3.773305451859601534e-02 4.186104184325857049e-03 2.471169778503803905e-04 3.287280052786138804e-03
3.829701946920427424e-02 2.998944535089158227e-03 2.044910114034953941e-04 3.336501638500465571e-03
3.886950230462565131e-02 1.855912545098110456e-03 1.580356444519114868e-04 3.386468210208110150e-03
3.945063035443278909e-02 1.560805648495515712e-03 1.444456754756642976e-04 3.437191052580943103e-03
4.004053287103550435e-02 1.143937060147767878e-03 1.210232194254845062e-04 3.488681627533131782e-03
4.063934105842864630e-02 1.443287186959315129e-03 1.344498673371132360e-04 3.540951577218664440e-03
4.124718810137403130e-02 1.550484042255050347e-03 1.316453935821178289e-04 3.594012727090567603e-03
4.186420919502292087e-02 1.997243493829799644e-03 1.483295180497639981e-04 3.647877089023415700e-03
4.249054157498565604e-02 2.333339382078857081e-03 1.613894182072392477e-04 3.702556864500979560e-03
4.312632454785510216e-02 2.847106412642140365e-03 1.780832566315035598e-04 3.758064447870755869e-03
4.377169952219072541e-02 3.058368058470606072e-03 1.807625833851484864e-04 3.814412429667294897e-03
4.442681003997023259e-02 3.118580479802969194e-03 1.803899105736016652e-04 3.871613600006301899e-03
4.509180180851556780e-02 3.246211210040632605e-03 1.848254287450544942e-04 3.929680952051480686e-03
4.576682273290069713e-02 2.802202989325687944e-03 1.711508506975311218e-04 3.988627685556264332e-03
4.645202294884811373e-02 2.568955521993580241e-03 1.567988304128592838e-04 4.048467210482594933e-03
4.714755485612148050e-02 2.136068760961547762e-03 1.394358421335387750e-04 4.109213150699005807e-03
4.785357315242185633e-02 1.740534067113466872e-03 1.270341786336622145e-04 4.170879347760344559e-03
4.857023486779495081e-02 1.177364319210827881e-03 1.043333175384949613e-04 4.233479864771599877e-03
4.929769939955729735e-02 8.914877305286290693e-04 9.052606785166309724e-05 4.297028990338308367e-03
5.003612854774866503e-02 5.355691598241358676e-04 6.953516723980250939e-05 4.361541242606179099e-03
5.078568655111926483e-02 6.260646655471685529e-04 7.437549535034050380e-05 4.427031373392688839e-03
5.154654012365893906e-02 5.406878527871198737e-04 6.798188650491835457e-05 4.493514372413384521e-03
5.231885849167722952e-02 5.860220663713981313e-04 6.992882590317102019e-05 4.561005471605922637e-03
5.310281343144198501e-02 6.976257400165424049e-04 7.758967043217321617e-05 4.629520149554806722e-03
5.389857930738532754e-02 8.227490289116740595e-04 8.323024488006047132e-05 4.699074136020033043e-03
5.470633311088508866e-02 9.458284776815171829e-04 8.867490905778488408e-05 4.769683416572910103e-03
5.552625449963060483e-02 1.016497486032060188e-03 9.250687791638617945e-05 4.841364237342437281e-03
5.635852583758162171e-02 1.078209997655090596e-03 9.498488712989556907e-05 4.914133109875849954e-03
5.720333223552884205e-02 1.065361035676576406e-03 9.442006364035201527e-05 4.988006816116926333e-03
5.806086159226579030e-02 7.838047895319629529e-04 8.049259055494317814e-05 5.063002413505968656e-03
5.893130463638057703e-02 8.094671941104534260e-04 8.232153809065823969e-05 5.139137240205380111e-03
5.981485496867691015e-02 4.907697318908215518e-04 6.465595679051663078e-05 5.216428920454974777e-03
6.071170910523425446e-02 3.030057827506701246e-04 5.184052990897038712e-05 5.294895370061352205e-03
6.162206652111613253e-02 3.222941529086175046e-04 5.450772781510529436e-05 5.374554802025758443e-03
6.254612969473671846e-02 2.113037473414878273e-04 4.327919508461945566e-05 5.455425732315145881e-03
6.348410415289530706e-02 2.396540147636422194e-04 4.565092426965816250e-05 5.537526985781173784e-03
6.443619851648887953e-02 3.001623625708203487e-04 5.222787429918343197e-05 5.620877702232261741e-03
6.540262454691278537e-02 3.196977144456531633e-04 5.396038974338860923e-05 5.705497342663852500e-03
6.638359719315999052e-02 4.992384887318700171e-04 6.826983819490389945e-05 5.791405695652391064e-03
6.737933463962920977e-02 3.919018546299648880e-04 5.935633187715002804e-05 5.878622883918599787e-03
6.839005835465275518e-02 3.081118013317679411e-04 5.166148765990501678e-05 5.967169371065992635e-03
6.941599313975461982e-02 3.656342506679017895e-04 5.957352790838078089e-05 6.057065968500708816e-03
7.045736717965020435e-02 3.477645771081021644e-04 6.169012367872789065e-05 6.148333842539091196e-03
7.151441209299809476e-02 2.792972975726095851e-04 5.727853711966978220e-05 6.240994521709527718e-03
7.258736298391613162e-02 2.098724780196938955e-04 4.863241966851494373e-05 6.335069904255618764e-03
7.367645849427217897e-02 1.360952274303387801e-04 3.756761126564606569e-05 6.430582265847647506e-03
7.478194085676209690e-02 1.378518507428107851e-04 4.010310448187668784e-05 6.527554267510017258e-03
7.590405594878632534e-02 1.568521448197225069e-04 4.193464796987722608e-05 6.626008963772281671e-03
7.704305334713690279e-02 2.362039287479655934e-04 5.347999795811480091e-05 6.725969811051934859e-03
7.819918638350754903e-02 1.704198589664558206e-04 4.611484758555177199e-05 6.827460676277360106e-03
7.937271220083874645e-02 1.402404770258634705e-04 4.337008346141539095e-05 6.930505845759724406e-03
8.056389181051056003e-02 1.439828167646363573e-04 4.045799318671584199e-05 7.035130034322879290e-03
8.177299015039586616e-02 9.730544093520623905e-05 3.127198706462283969e-05 7.141358394700888720e-03
8.300027614378679974e-02 1.567720958534572881e-04 4.690709726286484586e-05 7.249216527212914117e-03
8.424602275920785310e-02 6.447903074610165919e-05 2.929267047774985485e-05 7.358730489725916896e-03
8.551050707112836657e-02 8.909196175513523939e-05 3.640830353172834439e-05 7.469926807915728238e-03
8.679401032158855223e-02 7.522602996947097065e-05 3.190125909641637820e-05 7.582832485837799966e-03
8.809681798275234565e-02 6.610166858890713436e-05 2.790942255058339038e-05 7.697475016819151604e-03
8.941921982040101913e-02 1.375902823863775352e-04 4.273344901912475767e-05 7.813882394683613342e-03
9.076150995838187796e-02 8.726677610421946618e-05 3.474515111746909727e-05 7.932083125323003206e-03
9.212398694402633426e-02 1.668722735931392641e-05 1.668980885485186357e-05 8.052106238627306997e-03
9.350695381455149946e-02 1.070347862478692526e-04 4.299367678679292192e-05 8.173981300787501111e-03
9.491071816446079723e-02 6.089346431572109956e-05 3.012645615404621610e-05 8.297738426985242985e-03
9.633559221395798788e-02 1.439281900887107851e-04 4.855960026495965292e-05 8.423408294484220279e-03
9.778189287839007815e-02 3.358714771245326016e-05 2.098080338452990078e-05 8.551022156138532795e-03
9.924994183873445119e-02 8.178918394073811480e-05 3.905511615412459239e-05 8.680611854334155039e-03
1.007400656131459821e-01 8.455644079024505154e-05 4.068279554917881479e-05 8.812209835380125852e-03
1.022525956295800842e-01 4.171335492185875390e-05 2.790963507522099837e-05 8.945849164366907746e-03
1.037878682995077295e-01 4.352922029408007939e-05 3.047781826272531451e-05 9.081563540509892882e-03
1.053462250927387212e-01 2.396578203330216512e-05 2.397095327403796680e-05 9.219387312996983261e-03
1.085335826768779599e-01 1.467618356711642932e-05 1.467905692884189931e-05 9.501503792388441005e-03
1.101632923883639065e-01 1.199371699056663968e-05 1.199602021107749817e-05 9.645868597612655693e-03
1.134965861015685695e-01 2.649720846377144972e-05 2.650385569488225432e-05 9.941396949477401129e-03
1.152009114824523728e-01 1.800759215690065989e-04 7.377210984107210800e-05 1.009263696455669178e-02
1.169308594345396801e-01 4.042895144200287416e-05 2.400136571319672161e-05 1.024624646599221582e-02
