1.558887272742567193e-02 7.450289305524234740e-01 6.704326254092113357e-02 1.354856500163151333e-03
1.581579863031504912e-02 8.459373087371238054e-01 7.192803881650769449e-02 1.374709981507449318e-03
1.604624222435599087e-02 8.309118492968586844e-01 6.458710032945398638e-02 1.394869216914616881e-03
1.628025476405573282e-02 6.887917885090287795e-01 4.732407022943443953e-02 1.415338692195119074e-03
1.651788829771039246e-02 8.452663088455314444e-01 6.174327255009893350e-02 1.436122962632737808e-03
1.675919567898148665e-02 7.655463266750788254e-01 5.313766137628471442e-02 1.457226654017920600e-03
1.700423057865160792e-02 8.146608220691760049e-01 5.693742900418553160e-02 1.478654463698212025e-03
1.725304749656175751e-02 7.713690365475706079e-01 5.300689519479153539e-02 1.500411161646050817e-03
1.750570177373316980e-02 6.677059287379120134e-01 4.406907325089235578e-02 1.522501591544257477e-03
1.776224960467613287e-02 5.884692118545702400e-01 3.773657961197100785e-02 1.544930671889484719e-03
1.802274804988868856e-02 4.851092562567880240e-01 2.886336371519989882e-02 1.567703397113974018e-03
1.828725504854790754e-02 4.787600104060231176e-01 2.859467006869373731e-02 1.590824838725924013e-03
1.855582943139665736e-02 3.848812098478849864e-01 2.198501600908258496e-02 1.614300146468805553e-03
1.882853093382855919e-02 2.987822188650054445e-01 1.597866299576139112e-02 1.638134549499961233e-03
1.910542020917424186e-02 2.228066971030461807e-01 1.157757712142021105e-02 1.662333357588830288e-03
1.938655884219171732e-02 1.401584245653482441e-01 7.125205317262579829e-03 1.686901962335166831e-03
1.967200936276390991e-02 1.041010882132489823e-01 5.497982558427913502e-03 1.711845838407598805e-03
1.996183525980643400e-02 7.546303348813626632e-02 4.223785401195013708e-03 1.737170544802914924e-03
2.025610099538860051e-02 4.999984484217615682e-02 2.976912604910831456e-03 1.762881726126454534e-03
2.055487201907096537e-02 4.457229492751112188e-02 2.721428179278006631e-03 1.788985113893995027e-03
2.085821478246242464e-02 3.531613491578518282e-02 2.147798242892331056e-03 1.815486527855545134e-03
2.116619675400019038e-02 4.521393146040065397e-02 2.544974500264122422e-03 1.842391877341441981e-03
2.147888643395597791e-02 4.970435285359540989e-02 2.515732186492755824e-03 1.869707162631199489e-03
2.179635336967163800e-02 5.958280964900871529e-02 2.831373431854627889e-03 1.897438476345527031e-03
2.211866817102766183e-02 7.447653232873571727e-02 3.298194681547907906e-03 1.925592004861965490e-03
2.244590252614808018e-02 8.046824562340169906e-02 3.298820845086416261e-03 1.954174029754611464e-03
2.277812921734509097e-02 8.519096013334000184e-02 3.316944234857767404e-03 1.983190929258398221e-03
2.311542213730709630e-02 8.428559174673491694e-02 3.161128010314827579e-03 2.012649179758391367e-03
2.345785630553369819e-02 8.024246516780149385e-02 2.913890345675912083e-03 2.042555357304663439e-03
2.380550788502135140e-02 7.392958488209125378e-02 2.644282247090842114e-03 2.072916139153175262e-03
2.415845419920324352e-02 7.506235958992461821e-02 2.714524789823029305e-03 2.103738305333251700e-03
2.451677374914738167e-02 6.663527609595591705e-02 2.402142706769540368e-03 2.135028740242175035e-03
2.488054623101655996e-02 5.754557697958700285e-02 2.117755225787678296e-03 2.166794434267442417e-03
2.524985255379409710e-02 5.060641448789453267e-02 1.922134600706714011e-03 2.199042485437268084e-03
2.562477485727941012e-02 3.817659815727589279e-02 1.527150302349085560e-03 2.231780101099924921e-03
2.600539653035722001e-02 2.691848953980514186e-02 1.173017411722541417e-03 2.265014599632512570e-03
2.639180222954473284e-02 1.914408568417753573e-02 9.360906613384489469e-04 2.298753412179808681e-03
2.678407789782057818e-02 1.580859126962357031e-02 8.350579943663524393e-04 2.333004084423789641e-03
2.718231078374004975e-02 1.030201699459324521e-02 6.279665924658895922e-04 2.367774278384557167e-03
2.758658946084057567e-02 7.859313857567232220e-03 5.246402019424193210e-04 2.403071774253269250e-03
2.799700384734200853e-02 5.306479671139058621e-03 4.110631526344159887e-04 2.438904472257851733e-03
2.841364522614592270e-02 5.558945150582080691e-03 4.195728097108367919e-04 2.475280394562147119e-03
2.883660626513841543e-02 6.904773483342106256e-03 4.625408899225406066e-04 2.512207687199296841e-03
2.926598103780106430e-02 8.787064124866491091e-03 5.194453949093688757e-04 2.549694622040096434e-03
2.970186504413439496e-02 9.471026770643410642e-03 5.328565648679976004e-04 2.587749598797112454e-03
3.014435523189864380e-02 1.101673301387886585e-02 5.608566632312509369e-04 2.626381147065391230e-03
3.059355001817663094e-02 1.308118924975421558e-02 6.112271675417375308e-04 2.665597928400596003e-03
3.104954931126325049e-02 1.469828385236443720e-02 6.320421351878202252e-04 2.705408738435428114e-03
3.151245453288682025e-02 1.624790126647565960e-02 6.645509686365005161e-04 2.745822509035246873e-03
3.198236864076696440e-02 1.457107301895734473e-02 6.014264226651791804e-04 2.786848310493793193e-03
3.245939615151399033e-02 1.499872910170445099e-02 5.972938090635922063e-04 2.828495353769971531e-03
3.294364316387526220e-02 1.444790713047994050e-02 5.827441811170735444e-04 2.870772992766716658e-03
3.343521738233325852e-02 1.333976616771811660e-02 5.381272223078133318e-04 2.913690726652882861e-03
3.393422814106083346e-02 1.098153501338147361e-02 4.655433754392267025e-04 2.957258202229276663e-03
3.444078642823893144e-02 9.346252574755334677e-03 4.274596275310469707e-04 3.001485216339890363e-03
3.495500491074222255e-02 6.905008690923553419e-03 3.501088124791859428e-04 3.046381718329447923e-03
3.547699795919805749e-02 5.345662102529506743e-03 2.969525706997676209e-04 3.091957812548447142e-03
3.600688167342436935e-02 3.973247001303120869e-03 2.512871840652430768e-04 3.138223760906873848e-03
3.654477390825224686e-02 2.473463391366188553e-03 1.955123212623997202e-04 3.185189985477840553e-03
3.709079429973873715e-02 1.732478484102364068e-03 1.569623586183882058e-04 3.232867071152420706e-03
3.764506429177589403e-02 1.636386670375232629e-03 1.520016858441092852e-04 3.281265768347014708e-03
3.820770716310192133e-02 1.719622113592762010e-03 1.537577924960603919e-04 3.330396995764612917e-03
3.877884805472036484e-02 1.810668759680361239e-03 1.557241232590037135e-04 3.380271843211370315e-03
3.935861399773356306e-02 2.527183866484027444e-03 1.847147140065564825e-04 3.430901574469970815e-03
3.994713394159643549e-02 3.213293148904905645e-03 2.063170827599696098e-04 3.482297630231303426e-03
4.054453878279699192e-02 3.494072885755718748e-03 2.134973934606726725e-04 3.534471631085996362e-03
4.115096139396983571e-02 3.739697808244252068e-03 2.089034668134926484e-04 3.587435380577496963e-03
4.176653665344923910e-02 3.899405241682381458e-03 2.099658364030680072e-04 3.641200868318310736e-03
4.239140147526830604e-02 4.016790466648535035e-03 2.147304595634676834e-04 3.695780273171227030e-03
4.302569483961090485e-02 3.709775253508550748e-03 2.060595406058120965e-04 3.751185966497283010e-03
4.366955782372314299e-02 3.322517751525186792e-03 1.894900349418272942e-04 3.807430515472369319e-03
4.432313363329129507e-02 2.621971445721229307e-03 1.659118209918342807e-04 3.864526686474440299e-03
4.498656763429303290e-02 2.455430432775700025e-03 1.604784861165329363e-04 3.922487448543318482e-03
4.566000738532930564e-02 1.881986482923333473e-03 1.388363276782021282e-04 3.981325976915204949e-03
4.634360267044369819e-02 1.291189976375016956e-03 1.103360560909575711e-04 4.041055656634057885e-03
4.703750553243694899e-02 8.486807149129726655e-04 8.794683873836940820e-05 4.101690086242110525e-03
4.774187030668372578e-02 6.646216789231589083e-04 7.750503427324530420e-05 4.163243081551823085e-03
4.845685365545932682e-02 7.772100848623322974e-04 8.513124015062324603e-05 4.225728679501763660e-03
4.918261460278401664e-02 8.082219525671107199e-04 8.665427524293052618e-05 4.289161142098844512e-03
4.991931456979249032e-02 1.084599353486475010e-03 1.001690048639057557e-04 4.353554960449599991e-03
5.066711741063666119e-02 1.349536107213873334e-03 1.098308860193782647e-04 4.418924858883189685e-03
5.142618944892950877e-02 1.586966821811753182e-03 1.182620122140207836e-04 4.485285799168919722e-03
5.219669951473808467e-02 1.223982882288840056e-03 1.014910667155449075e-04 4.552652984831237308e-03
5.297881898213421814e-02 1.378901672618716018e-03 1.104265084103361319e-04 4.621041865565221271e-03
5.377272180731088730e-02 1.395435059913582984e-03 1.095937763700110916e-04 4.690468141755716261e-03
5.457858456727286700e-02 1.295143546243107723e-03 1.050556901836881989e-04 4.760947769103382292e-03
5.539658649911041732e-02 9.053727502770149860e-04 8.662597784853522196e-05 4.832496963361064025e-03
5.622690953986455437e-02 8.318510119826343823e-04 8.391056062910908289e-05 4.905132205184026435e-03
5.706973836699281294e-02 5.175823023176355986e-04 6.483433098572363414e-05 4.978870245097707578e-03
5.792526043944452169e-02 5.026284110667616567e-04 6.540514367593990768e-05 5.053728108586815274e-03
5.879366603935482632e-02 3.963981098614145163e-04 5.783069815144887735e-05 5.129723101309736737e-03
5.967514831436646766e-02 3.651572967711942761e-04 5.695296013987439165e-05 5.206872814442380266e-03
6.056990332058904969e-02 4.076463756038250673e-04 6.111760719052583633e-05 5.285195130155738961e-03
6.147813006620511667e-02 5.134528463954515180e-04 6.703665830973112242e-05 5.364708227231616486e-03
6.240003055573282303e-02 5.116286008426457936e-04 6.624270500479261632e-05 5.445430586821189099e-03
6.333580983495507022e-02 4.105644703652992626e-04 5.859632113897547136e-05 5.527380998351176175e-03
6.428567603652506068e-02 5.780778959907129132e-04 7.313220555468161047e-05 5.610578565582661180e-03
6.524984042625839309e-02 4.847598753291693075e-04 6.733549655625843732e-05 5.695042712827752540e-03
6.622851745012202362e-02 3.766600496217177747e-04 5.824010519615202607e-05 5.780793191329544438e-03
6.722192478193066145e-02 2.759159835809114913e-04 4.913822362818707026e-05 5.867850085810979825e-03
6.823028337176088864e-02 3.756786212579754061e-04 6.138375282977423292e-05 5.956233821198488564e-03
6.925381749509408602e-02 2.873181883996227823e-04 5.459247661155556245e-05 6.045965169526529466e-03
7.029275480269910059e-02 2.603954963825981820e-04 5.255759611057929961e-05 6.137065257029377524e-03
7.134732637126538213e-02 2.815553517998633940e-04 5.774181821395114335e-05 6.229555571426730054e-03
7.241776675479827396e-02 2.331814683972202368e-04 5.145212292184247202e-05 6.323457969410090605e-03
7.350431403678767128e-02 1.704938040814399087e-04 4.099893394625803405e-05 6.418794684336984017e-03
7.460720988316166258e-02 3.318254395571288698e-04 6.458168990482315440e-05 6.515588334140551274e-03
7.572669959603708922e-02 2.581927629329814635e-04 5.724967607465868618e-05 6.613861929462215052e-03
7.686303216827863882e-02 1.465723599631139006e-04 4.240246443896617928e-05 6.713638882015497168e-03
7.801646033887903176e-02 1.209813947923784889e-04 3.736398534653480818e-05 6.814943013189398748e-03
7.918724064917222194e-02 1.388263205525090856e-04 4.183578369946998598e-05 6.917798562900086962e-03
8.037563349989255979e-02 1.125006203308409044e-04 3.842555110077173282e-05 7.022230198699963566e-03
8.158190320909200488e-02 1.398178735962611195e-04 4.321373686435830936e-05 7.128263025153631048e-03
8.280631807092884988e-02 1.009608384995352358e-04 3.660029417706406492e-05 7.235922593490564519e-03
8.404915041534086195e-02 9.345809654243290084e-05 3.375285366286387266e-05 7.345234911544830034e-03
8.531067666861577581e-02 1.647926402301772811e-04 4.809912676654430494e-05 7.456226453992426811e-03
8.659117741487301623e-02 1.465830888659829477e-04 4.706664876588414727e-05 7.568924172897513458e-03
8.789093745847040284e-02 5.705503357229922570e-05 2.457734014163240831e-05 7.683355508579003783e-03
8.921024588734906280e-02 1.277653148346011595e-04 4.003205372453985076e-05 7.799548400809607623e-03
9.054939613733152537e-02 7.959170328757102003e-05 3.325014404304763304e-05 7.917531300359926388e-03
9.190868605738657104e-02 1.196845666213887534e-04 4.442848634291351458e-05 8.037333180900593788e-03
9.328841797587575368e-02 7.577998971946273751e-05 3.521835908989532477e-05 8.158983551276147855e-03
9.468889876779608417e-02 1.246714250791614042e-04 4.502180639230229264e-05 8.282512468164729760e-03
9.611043992303422434e-02 9.692418585750570506e-05 3.861005742483023586e-05 8.407950549138417870e-03
9.755335761564683239e-02 8.088920403750376163e-05 3.271864942216919943e-05 8.535328986139517279e-03
9.901797277418293575e-02 8.703437227957700525e-05 3.738655843173941247e-05 8.664679559388809363e-03
1.005046111530635694e-01 6.735933208479864169e-05 3.486741075703488849e-05 8.796034651742343571e-03
1.020136034050350415e-01 5.649232334186746191e-05 3.281252283375337970e-05 8.929427263514203711e-03
1.035452851547115360e-01 2.399761822315704175e-05 2.292799963083661893e-05 9.064891027783157987e-03
1.050999970732233169e-01 9.195577867456708270e-05 4.605960426699472530e-05 9.202460226202045790e-03
1.066780849539878256e-01 4.899075075432385133e-05 3.152306627676036184e-05 9.342169805329361351e-03
1.082798997896196741e-01 2.149619719230063750e-05 1.619106980637251644e-05 9.484055393503500533e-03
1.099057978499971833e-01 3.915357718301360564e-05 2.969832879308870516e-05 9.628153318280601933e-03
1.115561407615026368e-01 6.661435314816728081e-06 4.712407404395060556e-06 9.774500624458256140e-03
1.132312955874539284e-01 8.180651184463527507e-05 4.727580838938178528e-05 9.923135092707828855e-03
1.149316349097454504e-01 5.103616730365432095e-06 5.104913260519638047e-06 1.007409525883930582e-02
