1.559112773008958751e-02 7.875778552231423868e-01 7.063525131635292609e-02 1.355011013668868270e-03
1.581808751555361173e-02 8.340903119163056711e-01 7.096778450444171660e-02 1.374866800750036569e-03
1.604856550125453515e-02 8.273321146426104722e-01 6.431975527706054740e-02 1.395028376747295450e-03
1.628261294934887568e-02 6.971998725490355930e-01 4.785941057006044136e-02 1.415500227993118183e-03
1.652028191589696021e-02 8.287401015532832593e-01 6.057164679243087768e-02 1.436286910301203933e-03
1.676162526244117171e-02 7.765223264973999395e-01 5.386049290762769115e-02 1.457393049999947078e-03
1.700669666776337755e-02 7.921569793974695406e-01 5.542481616619346352e-02 1.478823344982997884e-03
1.725555063982405282e-02 7.776387578257811795e-01 5.342266345636271369e-02 1.500582565777183871e-03
1.750824252788588109e-02 6.825096793494938030e-01 4.500296560262562195e-02 1.522675556628126647e-03
1.776482853482444502e-02 6.129708157543949376e-01 3.923535392441347691e-02 1.545107236603826149e-03
1.802536572962875477e-02 4.604564075196478368e-01 2.747574883821340616e-02 1.567882600716547729e-03
1.828991206009444176e-02 4.679993551472348967e-01 2.799189126703174532e-02 1.591006721063329766e-03
1.855852636571241401e-02 3.979871221891838062e-01 2.267979733837234904e-02 1.614484747985431637e-03
1.883126839075578360e-02 2.873704015218594421e-01 1.542434255419492493e-02 1.638321911247078971e-03
1.910819879756807393e-02 2.198721757390742215e-01 1.144468048927826075e-02 1.662523521233827102e-03
1.938937918005561450e-02 1.480174570624527008e-01 7.454995685772078731e-03 1.687094970170925244e-03
1.967487207738711011e-02 1.076973336057837488e-01 5.646684015334607620e-03 1.712041733362024837e-03
1.996474098790346208e-02 7.444115051328094312e-02 4.175629309341337414e-03 1.737369370448613084e-03
2.025905038324089802e-02 5.290672065482196484e-02 3.095401131563155564e-03 1.763083526690557628e-03
2.055786572267060894e-02 3.876204317546608907e-02 2.477938854609274683e-03 1.789189934268145543e-03
2.086125346765805091e-02 3.798243772761133313e-02 2.253816627575314698e-03 1.815694413606038600e-03
2.116928109664509630e-02 4.594909880725065593e-02 2.569733283745179089e-03 1.842602874719528839e-03
2.148201712005841715e-02 5.109271224223795038e-02 2.557797047707070608e-03 1.869921318583547647e-03
2.179953109554741419e-02 5.863075169308696460e-02 2.799148274571735141e-03 1.897655838524852463e-03
2.212189364345501161e-02 7.893935344228696083e-02 3.437793574577236669e-03 1.925812621637833059e-03
2.244917646252485299e-02 7.542626625272577656e-02 3.147648228431934678e-03 1.954397950224403581e-03
2.278145234584831591e-02 8.569461165724973073e-02 3.332919733844568171e-03 1.983418203258459789e-03
2.311879519705493935e-02 8.401826571399007015e-02 3.154255174645419126e-03 2.012879857875354058e-03
2.346128004674986195e-02 7.696185393659189800e-02 2.820390762451213153e-03 2.042789490886949295e-03
2.380898306920192775e-02 7.573663801897916048e-02 2.685611173304484119e-03 2.073153780322684395e-03
2.416198159928609202e-02 7.163698265848056357e-02 2.625624415798531036e-03 2.103979506997237341e-03
2.452035414968403715e-02 6.288144723382854684e-02 2.309842344423929800e-03 2.135273556105310704e-03
2.488418042834672148e-02 5.497918211701300489e-02 2.055751279753556017e-03 2.167042918844079916e-03
2.525354135622276050e-02 4.823405460176324877e-02 1.862399302788595237e-03 2.199294694063898010e-03
2.562851908525663400e-02 4.010820179897450766e-02 1.574116851953272873e-03 2.232036089947834947e-03
2.600919701666063941e-02 2.888941107597052874e-02 1.219260777613641236e-03 2.265274425720654322e-03
2.639565981946473405e-02 2.335134504994472796e-02 1.053217428573520595e-03 2.299017133387866278e-03
2.678799344934836013e-02 1.521956751399177778e-02 8.149930822867342516e-04 2.333271759505474181e-03
2.718628516775839152e-02 9.315319130894410618e-03 5.979675250454461691e-04 2.368045966981099839e-03
2.759062356131758778e-02 7.851575960342166427e-03 5.321667268730660098e-04 2.403347536907153408e-03
2.800109856152772567e-02 5.806610410712660306e-03 4.323381497603662649e-04 2.439184370426757901e-03
2.841780146477185590e-02 4.965806706368158970e-03 3.938634031373918973e-04 2.475564490633133490e-03
2.884082495262012269e-02 6.329517546890664481e-03 4.417182336791420239e-04 2.512496044503208757e-03
2.927026311244375345e-02 8.244717150912008949e-03 5.017076306589757792e-04 2.549987304866218728e-03
2.970621145834163521e-02 8.854468339598891430e-03 5.142079793472571856e-04 2.588046672408064654e-03
3.014876695238416504e-02 1.110065153711828172e-02 5.643355957262895977e-04 2.626682677712263887e-03
3.059802802617934275e-02 1.234894035380992156e-02 5.911684210074732299e-04 2.665903983338347664e-03
3.105409460276551195e-02 1.405438585415103893e-02 6.157063196027079497e-04 2.705719385938535129e-03
3.151706811883593640e-02 1.473981486160963299e-02 6.253420738167368795e-04 2.746137818413618183e-03
3.198705154730004108e-02 1.504729841619662119e-02 6.119887432850143168e-04 2.787168352108950094e-03
3.246414942018618910e-02 1.437248651586142331e-02 5.812893769666972483e-04 2.828820199051507167e-03
3.294846785189144145e-02 1.416773166193701500e-02 5.768858233629793218e-04 2.871102714229025691e-03
3.344011456278307010e-02 1.228181929122118023e-02 5.131161413536281142e-04 2.914025397912179544e-03
3.393919890315748311e-02 1.077749179329861619e-02 4.609296331849040899e-04 2.957597898020909548e-03
3.444583187756134618e-02 9.007519188449691905e-03 4.194161143342047936e-04 3.001830012535941939e-03
3.496012616948102752e-02 6.646304607360372513e-03 3.439051687982294441e-04 3.046731691956649536e-03
3.548219616640512636e-02 5.380774679002210854e-03 3.002852907563162833e-04 3.092313041806392729e-03
3.601215798526618411e-02 4.004756022561378054e-03 2.545525658816410368e-04 3.138584325186557188e-03
3.655012949826703245e-02 2.519778393984380572e-03 1.981260315023135820e-04 3.185555965380506942e-03
3.709623035909747485e-02 2.176609311504693490e-03 1.767267889318896131e-04 3.233238548508756902e-03
3.765058202954729705e-02 1.684877488087919897e-03 1.527576475089945302e-04 3.281642826236672809e-03
3.821330780652128917e-02 1.623793812646291300e-03 1.488738227992198934e-04 3.330779718536072079e-03
3.878453284946259405e-02 1.934538134711591027e-03 1.615887998501727197e-04 3.380660316502161460e-03
3.936438420819017570e-02 2.676041472936019436e-03 1.906635289544936099e-04 3.431295885227248713e-03
3.995299085115682630e-02 2.516014302861367940e-03 1.814578663698790709e-04 3.482697866732798256e-03
4.055048369413382509e-02 4.030952143536913231e-03 2.299037968431433872e-04 3.534877882961330424e-03
4.115699562932883387e-02 3.654305770245625581e-03 2.061117319295733793e-04 3.587847738829893444e-03
4.177266155494325367e-02 4.132384519371886875e-03 2.168454401973830088e-04 3.641619425346694083e-03
4.239761840517582842e-02 4.093222305952792274e-03 2.160915934101551494e-04 3.696205122792724923e-03
4.303200518067903935e-02 3.827236646328672793e-03 2.099239678186263906e-04 3.751617203970136413e-03
4.367596297947518719e-02 3.325763521505382524e-03 1.896759598433073906e-04 3.807868237519272756e-03
4.432963502833886515e-02 2.703444741036240776e-03 1.667327910170544858e-04 3.864970991306306697e-03
4.499316671465296985e-02 2.617857942156761805e-03 1.644991555402432540e-04 3.922938435883488104e-03
4.566670561874522360e-02 1.693386392317581483e-03 1.316459039050576053e-04 3.981783748024106222e-03
4.635040154671252188e-02 1.301457073401257733e-03 1.095974649479460983e-04 4.041520314334335305e-03
4.704440656374019730e-02 1.059071004765026452e-03 9.748797226929190192e-05 4.102161734944221802e-03
4.774887502792387467e-02 8.906311523395998289e-04 9.081155192822573327e-05 4.163721827280126783e-03
4.846396362460121676e-02 8.109161650747132976e-04 8.697854154809685938e-05 4.226214629921107302e-03
4.918983140120131853e-02 8.506607626105801984e-04 8.888651820469726790e-05 4.289654406541655758e-03
4.992663980261947271e-02 1.193330751476254096e-03 1.041748513089332687e-04 4.354055649943512976e-03
5.067455270712518250e-02 1.276220294163038548e-03 1.055416683241746186e-04 4.419433086179203919e-03
5.143373646281138023e-02 1.496995125004250103e-03 1.139827317123224675e-04 4.485801678770106292e-03
5.220435992459290797e-02 1.537533409844858354e-03 1.139285279774245003e-04 4.553176633022021011e-03
5.298659449176272573e-02 1.477973969765751690e-03 1.137174961170331930e-04 4.621573400441236074e-03
5.378061414611386842e-02 1.329202043726242493e-03 1.069218640819973888e-04 4.691007683254256634e-03
5.458659549063583916e-02 1.034650477436386455e-03 9.249346606636183810e-05 4.761495439034470374e-03
5.540471778879406395e-02 8.037249416889163164e-04 8.170581769041066617e-05 4.833052885439145623e-03
5.623516300440099119e-02 7.455599448280156522e-04 8.020490308985042595e-05 4.905696505060306266e-03
5.707811584208782874e-02 6.160901920045814151e-04 7.274631707707069261e-05 4.979443050393155858e-03
5.793376378838592522e-02 3.656509069702340749e-04 5.532468774928270933e-05 5.054309548925848238e-03
5.880229715342680241e-02 3.055872954497672583e-04 5.004548297151030500e-05 5.130313308354603197e-03
5.968390911327027537e-02 3.004734520216087771e-04 5.134258028251738781e-05 5.207471921928266342e-03
6.057879575286997248e-02 4.331375513891401810e-04 6.338158486537087786e-05 5.285803273926604866e-03
6.148715610968587264e-02 4.851771717132332524e-04 6.596039787177718997e-05 5.365325545276812200e-03
6.240919221795344224e-02 6.252716327523057897e-04 7.666757971350010744e-05 5.446057219312837663e-03
6.334510915361941941e-02 4.828888817216854122e-04 6.637330954310441530e-05 5.528017087682363627e-03
6.429511507995401554e-02 5.516237970080001794e-04 7.106528446612404859e-05 5.611224256406459159e-03
6.525942129384995627e-02 4.698336389609202653e-04 6.606780777948620701e-05 5.695698152097104783e-03
6.623824227281822907e-02 3.291230266461317119e-04 5.301140523554035956e-05 5.781458528338011098e-03
6.723179572269148696e-02 2.880107522777371220e-04 4.880580212292482127e-05 5.868525472234397723e-03
6.824030262604534325e-02 3.415555127840638598e-04 5.859513158386389214e-05 5.956919411137562986e-03
6.926398729134861099e-02 2.233892409457606564e-04 4.990013074212300623e-05 6.046661119550384399e-03
7.030307740285307583e-02 2.095254673659099269e-04 4.901833750867439377e-05 6.137771726220094676e-03
7.135780407123429314e-02 2.016285042964341217e-04 4.909407080293069900e-05 6.230272721424909635e-03
7.242840188499431731e-02 2.257896159487392815e-04 5.186737711448040041e-05 6.324185964461454673e-03
7.351510896263817318e-02 2.452791539939667693e-04 5.180525436470521868e-05 6.419533691340079638e-03
7.461816700563510263e-02 2.809863337766135491e-04 5.799860807185782242e-05 6.516338522695555233e-03
7.573782135217711764e-02 1.390082012165300997e-04 4.027321106457099802e-05 6.614623471920896489e-03
7.687432103174614284e-02 1.719111238439100496e-04 4.653778619800098034e-05 6.714411953532369373e-03
7.802791882050227890e-02 1.282475321566942333e-04 3.948797969673975241e-05 6.815727791774100000e-03
7.919887129750538546e-02 9.047184370012176496e-05 3.332844960027212249e-05 6.918595229471030325e-03
8.038743890178247364e-02 9.891589851547045228e-05 3.436677142654973759e-05 7.023038937139285988e-03
8.159388599025359234e-02 1.824054228491031300e-04 4.879890465389646778e-05 7.129084022363495546e-03
8.281848089652905920e-02 6.703157264087758992e-05 2.977584395679441548e-05 7.236756039450865756e-03
8.406149599059148381e-02 5.892822438278167834e-05 2.692038704105599364e-05 7.346080999372324102e-03
8.532320773937515646e-02 1.281254044452977657e-04 4.231302206031359742e-05 7.457085380001368495e-03
8.660389676825669403e-02 1.321596022571123379e-04 4.439632583026222566e-05 7.569796136661808769e-03
8.790384792347105680e-02 9.721143554136012698e-05 3.758795157960317782e-05 7.684240712995972326e-03
8.922335033546578698e-02 5.029731879676807376e-05 2.597729805541439024e-05 7.800447052165382540e-03
9.056269748320837365e-02 6.660612631974729763e-05 3.122673001266893536e-05 7.918443608396536978e-03
9.192218725946095514e-02 3.828227954884026361e-05 2.386837363201198308e-05 8.038259358884834033e-03
9.330212203703629192e-02 5.641580295119659520e-05 3.048038215506131859e-05 8.159923816070235175e-03
9.470280873605065042e-02 6.700368351735883749e-05 3.357321171082305194e-05 8.283467040298860690e-03
9.612455889218778082e-02 3.081427334404938093e-05 1.960780806855398894e-05 8.408919652885260554e-03
9.756768872598957365e-02 8.567589651564837586e-05 3.686433637811055815e-05 8.536312849590714513e-03
9.903251921318874385e-02 4.077825109899512731e-05 2.612797334097220560e-05 8.665678414533578913e-03
1.005193761560988913e-01 8.043337546650385615e-05 4.047984822531980646e-05 8.797048734548207002e-03
1.020285902560786467e-01 2.962307997976190580e-05 2.212333255395436328e-05 8.930456814009987698e-03
1.035604971870847379e-01 8.317395615417989135e-05 4.169104635811927929e-05 9.065936290144261181e-03
1.051154376703315046e-01 2.200516493951227092e-05 2.200991313619094427e-05 9.203521448838141231e-03
1.066937575500729318e-01 4.637951176847836851e-05 3.141306580484309343e-05 9.343247240974555251e-03
1.082958078705239663e-01 6.815762254826389600e-06 6.817096675050596911e-06 9.485149299309053247e-03
1.099219449539386301e-01 6.378223989109350119e-05 3.957489149170349482e-05 9.629263955910337749e-03
1.115725304798618478e-01 2.258250283552925541e-05 1.954349334334097083e-05 9.775628260186703528e-03
1.132479315655729596e-01 5.415569798595685960e-05 3.832163974183559128e-05 9.924279997521240348e-03
1.149485208477385584e-01 5.103616730365432095e-06 5.104913260519638047e-06 1.007525770853961479e-02
1.166746765652930812e-01 8.975420165526529928e-06 8.977643753662355229e-06 1.022860070903535042e-02
