1.558603233146685883e-02 7.632384664907976290e-01 6.862006724429205173e-02 1.354661727073385499e-03
1.581291555594641768e-02 8.330508581960160974e-01 7.089271919603198913e-02 1.374512303977935964e-03
1.604331583033487274e-02 8.234163423192867315e-01 6.403558304305098647e-02 1.394668591232756929e-03
1.627728439950444639e-02 7.199527132467310464e-01 4.935091909616440981e-02 1.415135074005409097e-03
1.651487330197146802e-02 8.494588785675079023e-01 6.201934861673804450e-02 1.435916306927660343e-03
1.675613538147073533e-02 8.235462977667173945e-01 5.698677484771243196e-02 1.457016915128722364e-03
1.700112429870897363e-02 8.575770985665658319e-01 5.982386643056645387e-02 1.478441595285575868e-03
1.724989454329992761e-02 8.280849999015640339e-01 5.674359337486673677e-02 1.500195116690650156e-03
1.750250144588390289e-02 7.473408947386160905e-01 4.909759337710051935e-02 1.522282322337203172e-03
1.775900119043429329e-02 6.773346022490999152e-01 4.318141164559433781e-02 1.544708130022659194e-03
1.801945082675392856e-02 5.398448807602882482e-01 3.195705905183640616e-02 1.567477533470254796e-03
1.828390828316397640e-02 5.528342980187973543e-01 3.278540163140709202e-02 1.590595603469295138e-03
1.855243237938827491e-02 4.778415024457882132e-01 2.692161517589986355e-02 1.614067489034355391e-03
1.882508283963587811e-02 3.811037753606812406e-01 1.997659803182900637e-02 1.637898418583774241e-03
1.910192030588478418e-02 2.945647854376410302e-01 1.484920727739059455e-02 1.662093701137763420e-03
1.938300635136979561e-02 2.014384193757144115e-01 9.673898894313560926e-03 1.686658727536515358e-03
1.966840349427750878e-02 1.563554691815554898e-01 7.638270717781386367e-03 1.711598971678656746e-03
1.995817521165145839e-02 1.194988921418365102e-01 6.012141527295429902e-03 1.736919991780420339e-03
2.025238595351050788e-02 7.629137768507768258e-02 4.026252356688406371e-03 1.762627431655929434e-03
2.055110115718369879e-02 5.457166144686553810e-02 3.124392546122721839e-03 1.788727022018975557e-03
2.085438726186461880e-02 3.753526364076489874e-02 2.234218419925426084e-03 1.815224581806702906e-03
2.116231172338867497e-02 3.451074821205447202e-02 2.127053483051652340e-03 1.842126019525607830e-03
2.147494302923638743e-02 3.339316822395946294e-02 1.928604706617596896e-03 1.869437334620270130e-03
2.179235071376624949e-02 4.236101147652766852e-02 2.245584797572547624e-03 1.897164618865276962e-03
2.211460537368030790e-02 5.056064758015227367e-02 2.518945298968868190e-03 1.925314057780751339e-03
2.244177868372615459e-02 5.782326182800925918e-02 2.609828596852731535e-03 1.953891932071982664e-03
2.277394341263853927e-02 6.506346018709144308e-02 2.734497621436853161e-03 1.982904619093598178e-03
2.311117343932444709e-02 6.856287444220349192e-02 2.736650705369591055e-03 2.012358594338774925e-03
2.345354376929497525e-02 6.964252476320570429e-02 2.639482094526462031e-03 2.042260432954007884e-03
2.380113055134789463e-02 7.060303328420022839e-02 2.555395373761481636e-03 2.072616811279907618e-03
2.415401109450438649e-02 7.026493414839850293e-02 2.586342732160354634e-03 2.103434508418581921e-03
2.451226388520388877e-02 6.501265880909047612e-02 2.369179181252869387e-03 2.134720407828142891e-03
2.487596860476085428e-02 5.430241628009926935e-02 2.048920198713640676e-03 2.166481498944881987e-03
2.524520614708713334e-02 5.112478383278509786e-02 1.938210701036355591e-03 2.198724878833690274e-03
2.562005863668424463e-02 3.922221965423679235e-02 1.549568410058397043e-03 2.231457753867324093e-03
2.600060944690915990e-02 3.308240567009992916e-02 1.334266077820857798e-03 2.264687441435098581e-03
2.638694321851801222e-02 2.535633757243308320e-02 1.109695084015858242e-03 2.298421371681670395e-03
2.677914587849156841e-02 1.778814659014874011e-02 8.938977440150898228e-04 2.332667089276495992e-03
2.717730465914685797e-02 1.390083110116582810e-02 7.531921527159820802e-04 2.367432255214690570e-03
2.758150811753909762e-02 9.372598702929614903e-03 5.862234875194313743e-04 2.402724648649916077e-03
2.799184615515825508e-02 6.058434906474986781e-03 4.400309886243540395e-04 2.438552168760029469e-03
2.840841003792465500e-02 5.175448306877863426e-03 4.010246809215755682e-04 2.474922836646198561e-03
2.883129241648801216e-02 4.820761825356630927e-03 3.803456976267839554e-04 2.511844797266241797e-03
2.926058734683452053e-02 5.823866589753576295e-03 4.180269444131201888e-04 2.549326321402947855e-03
2.969639031120648032e-02 6.339393717820618508e-03 4.272317809005141500e-04 2.587375807668179997e-03
3.013879823933904994e-02 8.390173604050116252e-03 4.815726186245950619e-04 2.626001784543554023e-03
3.058790953001916738e-02 1.100377866499485137e-02 5.548731457626804612e-04 2.665212912458577148e-03
3.104382407297092555e-02 1.196645806794475325e-02 5.631777324457354567e-04 2.705017985907060083e-03
3.150664327107283169e-02 1.280359123482710179e-02 5.779745112031482593e-04 2.745425935602753813e-03
3.197647006291144678e-02 1.409517585215310127e-02 5.893016964006708280e-04 2.786445830675079744e-03
3.245340894567659562e-02 1.450942211240445479e-02 5.832322666699724968e-04 2.828086880905953272e-03
3.293756599840328564e-02 1.544818060805199823e-02 6.041950530558821411e-04 2.870358439008673102e-03
3.342904890556550740e-02 1.436188636327140507e-02 5.595989610115628806e-04 2.913270002949869437e-03
3.392796698102699959e-02 1.253338633865641247e-02 5.040734663894070851e-04 2.956831218315599582e-03
3.443443119235440469e-02 1.186404356453603370e-02 4.954454551156911839e-04 3.001051880722644793e-03
3.494855418549840109e-02 8.897471932818408133e-03 4.034328400177057943e-04 3.045941938276156349e-03
3.547045030984792569e-02 7.517584771003007864e-03 3.594867691860023336e-04 3.091511494074786204e-03
3.600023564366341272e-02 5.597783124679770253e-03 3.053370544716330222e-04 3.137770808764524764e-03
3.653802801989450982e-02 4.057135712548873112e-03 2.570937138771159629e-04 3.184730303142468359e-03
3.708394705238809291e-02 2.759022077384644996e-03 2.009375638642851153e-04 3.232400560811803103e-03
3.763811416249231850e-02 2.362475833247755248e-03 1.813506086518530832e-04 3.280792330889336153e-03
3.820065260606274327e-02 1.763967099972965202e-03 1.538178101202939763e-04 3.329916530766937385e-03
3.877168750087647137e-02 1.784264786297556611e-03 1.547272132949624056e-04 3.379784248928325695e-03
3.935134585446042194e-02 2.112168929881383904e-03 1.694559004114624002e-04 3.430406747822649718e-03
3.993975659233987147e-02 2.056083867268499420e-03 1.633924448006290517e-04 3.481795466796415092e-03
4.053705058671359246e-02 2.592791122925211782e-03 1.808486973344716612e-04 3.533962025085280075e-03
4.114336068556206233e-02 2.854622899021633849e-03 1.809974385966734540e-04 3.586918224867432104e-03
4.175882174219495979e-02 3.589050227126097323e-03 2.022114447531956629e-04 3.640676054380144293e-03
4.238357064524481826e-02 3.597770915381943123e-03 2.013078573494982962e-04 3.695247691101341114e-03
4.301774634911323392e-02 3.732156271771494126e-03 2.053792009177834413e-04 3.750645504997934029e-03
4.366148990487672688e-02 3.680673232952698121e-03 2.009265804595600907e-04 3.806882061842830484e-03
4.431494449165875038e-02 3.386955861834451981e-03 1.903249649161118989e-04 3.863970126602579106e-03
4.497825544847503659e-02 2.965679017815389933e-03 1.754318767759728234e-04 3.921922666897624359e-03
4.565157030655944692e-02 2.421885979790883766e-03 1.582789269837393126e-04 3.980752856537330374e-03
4.633503882217738373e-02 1.754499025322768047e-03 1.284731842339016954e-04 4.040474079131889037e-03
4.702881300993395214e-02 1.408097396490225498e-03 1.130034534560952120e-04 4.101099931783401716e-03
4.773304717658455321e-02 9.345056708973766869e-04 9.154119638137072918e-05 4.162644228858460027e-03
4.844789795535521526e-02 9.525844044971316709e-04 9.332852945560790787e-05 4.225121005844655574e-03
4.917352434078047646e-02 6.571074301154548446e-04 7.654494693334054146e-05 4.288544523293536144e-03
4.991008772406622940e-02 5.818685047281987226e-04 7.189284175423923701e-05 4.352929270852611346e-03
5.065775192898595153e-02 8.152325288409291004e-04 8.413394477958644922e-05 4.418289971389153734e-03
5.141668324831771136e-02 8.511938961702984318e-04 8.401955872153204921e-05 4.484641585208556241e-03
5.218705048083036036e-02 1.136579247053553805e-03 9.661201420635385584e-05 4.551999314370225314e-03
5.296902496882725797e-02 1.412378367001866772e-03 1.114637685809610952e-04 4.620378607104022074e-03
5.376278063625559295e-02 1.393611762808953051e-03 1.098952588900100469e-04 4.689795162330400932e-03
5.456849402738981475e-02 1.129419893447091046e-03 9.679559762399320448e-05 4.760264934287524244e-03
5.538634434609814722e-02 9.965265545210720381e-04 9.161358790843666033e-05 4.831804137268782585e-03
5.621651349570034456e-02 9.424023888302761982e-04 9.030514134290428289e-05 4.904429250474216968e-03
5.705918611942600860e-02 7.993593693023819981e-04 8.248074232318809034e-05 4.978157022979545765e-03
5.791454964148230744e-02 5.612622575761765141e-04 6.849236087443736905e-05 5.053004478826614472e-03
5.878279430874013695e-02 4.504046269605010999e-04 6.133759346476658637e-05 5.128988922239215674e-03
5.966411323304822434e-02 3.161528010009403175e-04 5.138576300998785743e-05 5.206127942968454686e-03
6.055870243418426391e-02 3.188689862397566205e-04 5.377291299312673116e-05 5.284439421771883194e-03
6.146676088345304212e-02 4.011509929345083436e-04 5.970709122250763889e-05 5.363941536030922448e-03
6.238849054794085025e-02 4.271343528334001585e-04 6.131435664423694578e-05 5.444652765511191241e-03
6.332409643543629452e-02 4.771591051418643480e-04 6.439774428812848454e-05 5.526591898270537782e-03
6.427378664002739161e-02 4.631078266539162005e-04 6.367473213675989621e-05 5.609778036719850411e-03
6.523777238838517067e-02 4.989567029385926942e-04 6.873815423839505076e-05 5.694230603841798390e-03
6.621626808674380138e-02 4.280253509441587253e-04 6.412226752693394899e-05 5.779969349572974119e-03
6.720949136858821171e-02 4.258897148378427153e-04 6.530556080529290942e-05 5.867014357355078077e-03
6.821766314305927059e-02 3.606407177510920301e-04 5.969325667259478508e-05 5.955386050860995116e-03
6.924100764408758213e-02 1.877594244260619930e-04 4.322136658782607237e-05 6.045105200901883941e-03
7.027975248026682720e-02 2.480215026295298103e-04 5.386266428143504171e-05 6.136192932521684386e-03
7.133412868547769903e-02 1.609018703740341266e-04 4.324306097808774491e-05 6.228670732285555497e-03
7.240437077027350732e-02 2.206893628838862574e-04 4.852024895627274142e-05 6.322560455769238828e-03
7.349071677403926084e-02 1.661554001653537044e-04 4.177174833737676334e-05 6.417884335256432426e-03
7.459340831793548343e-02 1.849059864707772627e-04 4.803332598298259732e-05 6.514664987651684266e-03
7.571269065863880932e-02 2.768628798111985654e-04 5.890334848494722670e-05 6.612925422616529846e-03
7.684881274289090403e-02 1.317477181483345120e-04 4.063739402459041865e-05 6.712689050936954289e-03
7.800202726286854793e-02 1.631678860479933901e-04 4.384943334321244875e-05 6.813979693130634875e-03
7.917259071238630375e-02 2.116906482390611718e-04 5.197811748260350941e-05 6.916821588302627180e-03
8.036076344394507687e-02 1.187448439712079836e-04 3.913297558830573520e-05 7.021239403258677618e-03
8.156680972663876705e-02 6.480780256776255102e-05 2.755735591419192809e-05 7.127258241885642623e-03
8.279099780493193173e-02 9.402270864275806908e-05 3.401074773350990340e-05 7.234903654808808732e-03
8.403359995832196394e-02 1.023008489866517658e-04 3.467556906754275183e-05 7.344201649336516702e-03
8.529489256189834445e-02 1.185163262725051766e-04 4.113172248717040814e-05 7.455178699702632444e-03
8.657515614781295665e-02 4.971610629781637733e-05 2.726425683204570770e-05 7.567861757618165632e-03
8.787467546767528670e-02 1.351754415693985514e-04 4.429458271045584220e-05 7.682278263143524182e-03
8.919373955588556779e-02 1.123239724406151490e-04 3.441280516779029195e-05 7.798456155893467891e-03
9.053264179392093991e-02 1.658257280150294785e-04 4.490168969943528844e-05 7.916423886587415151e-03
9.189167997558829459e-02 1.138163501411451725e-04 4.025188269643989203e-05 8.036210428958122723e-03
9.327115637325837649e-02 7.634712191193952042e-05 3.524884997786066328e-05 8.157845292032341392e-03
9.467137780509621292e-02 4.043607054882625198e-05 2.421767774747697789e-05 8.281358532797706076e-03
9.609265570330255413e-02 8.752425916723034435e-05 3.797808419272407602e-05 8.406780769270545683e-03
9.753530618338136782e-02 1.560375721283759426e-05 1.560608772055564503e-05 8.534143193980017056e-03
9.899965011444920859e-02 6.170241346911780310e-05 3.564084091815575132e-05 8.663477587884578848e-03
1.004860131906016862e-01 4.574283394741405150e-05 3.044440623812077443e-05 8.794816334737392757e-03
1.019947260033533115e-01 1.299550015596478221e-04 5.207594995460257533e-05 8.928192435918096484e-03
1.035261241151663042e-01 4.297078588177321510e-05 3.039675842164439378e-05 9.063639525748885470e-03
1.050805481340853081e-01 8.645678440176524852e-05 4.340426845776094463e-05 9.201191887313780668e-03
1.066583437894941949e-01 4.667592631489980834e-05 2.534568720926667386e-05 9.340884468800523394e-03
1.082598620090117758e-01 6.946051909541118923e-05 3.441184044373711944e-05 9.482752900385627709e-03
1.098854589965441164e-01 1.168122598175924817e-04 5.159525677007962126e-05 9.626833511683552738e-03
1.115354963115099962e-01 2.103853473914887975e-05 2.104313871927091472e-05 9.773163349782201109e-03
1.132103409492576512e-01 4.947129216615733712e-05 3.499903555111359531e-05 9.921780197887627994e-03
1.149103654226904525e-01 1.425178624593715433e-05 1.008265434920833489e-05 1.007272259460178718e-02
1.166359478451201442e-01 6.880026326640856002e-06 6.881730824386965850e-06 1.022602985385823691e-02
