1.559009437322850418e-02 7.109120930817866002e-01 6.416162246916780332e-02 1.354940207138331451e-03
1.581703863197428048e-02 8.435979172647756208e-01 7.173763895161926196e-02 1.374794937604173267e-03
1.604750085766817533e-02 7.966018614882259818e-01 6.204146640611457597e-02 1.394955441014455013e-03
1.628153230896141682e-02 6.945133622999355438e-01 4.769051604624433699e-02 1.415426203462435929e-03
1.651918503835637583e-02 8.379371267082191821e-01 6.122475234413735090e-02 1.436211780518979048e-03
1.676051190378402209e-02 7.592416644800601411e-01 5.271608369619737444e-02 1.457316798265961746e-03
1.700556658036054408e-02 8.191541544076034187e-01 5.723701977452346629e-02 1.478745954346777879e-03
1.725440357232567098e-02 7.575933017531171210e-01 5.209431646529894683e-02 1.500504019034204712e-03
1.750707822516542680e-02 6.971565905524222950e-01 4.592760320909281685e-02 1.522595836315957093e-03
1.776364673792199186e-02 6.131542140967038979e-01 3.924459425205263641e-02 1.545026324998212061e-03
1.802416617569338811e-02 4.588234967885274629e-01 2.738299526229804465e-02 1.567800479827436517e-03
1.828869448232577771e-02 4.736372904056562194e-01 2.831629252423041934e-02 1.590923372630830002e-03
1.855729049330127889e-02 4.083530149706540158e-01 2.323271995185558284e-02 1.614400153475712817e-03
1.883001394882395998e-02 3.085431886288397818e-01 1.645231310185427120e-02 1.638236051848202543e-03
1.910692550710718640e-02 2.270312146658901575e-01 1.177179557556940967e-02 1.662436377851517644e-03
1.938808675786506119e-02 1.550124605718206372e-01 7.745244149054880504e-03 1.687006523424270082e-03
1.967356023601107146e-02 1.142355946626594232e-01 5.914835969707247024e-03 1.711951963579109266e-03
1.996340943556697278e-02 8.233062250229218615e-02 4.501276286269896044e-03 1.737278257662085764e-03
2.025769882378494757e-02 5.587020399171686857e-02 3.211558854206883386e-03 1.762991050633126808e-03
2.055649385548627764e-02 4.189452024010670989e-02 2.608675207257588231e-03 1.789096074368005029e-03
2.085986098761963628e-02 3.756885215927925625e-02 2.238465048105210600e-03 1.815599148982217394e-03
2.116786769404226803e-02 4.051030786084114377e-02 2.366199461996322962e-03 1.842506184177174862e-03
2.148058248052731392e-02 4.373018761768917434e-02 2.306833036908252817e-03 1.869823180609128405e-03
2.179807490000073775e-02 5.413081478829923771e-02 2.650023651830128984e-03 1.897556231281286336e-03
2.212041556801104189e-02 6.843514457270429008e-02 3.106700562052273212e-03 1.925711522959538610e-03
2.244767617843541549e-02 7.411810947220608126e-02 3.104799983716765265e-03 1.954295337612273198e-03
2.277992951942568386e-02 8.048431462404480319e-02 3.178099193153754477e-03 1.983314053874753093e-03
2.311724948959759454e-02 8.107034964361806151e-02 3.073820438369931612e-03 2.012774148538508043e-03
2.345971111446716606e-02 7.570923101202695071e-02 2.792601157263034217e-03 2.042682198066307370e-03
2.380739056313764881e-02 7.404252662071818258e-02 2.644210824013609219e-03 2.073044880133138694e-03
2.416036516524081024e-02 7.263896810010420091e-02 2.649731600074149446e-03 2.103868975193789494e-03
2.451871342813636070e-02 6.648015110176953846e-02 2.399954202213902023e-03 2.135161368077540239e-03
2.488251505437331229e-02 5.687923720263904359e-02 2.102626925149479829e-03 2.166929049610527222e-03
2.525185095941717348e-02 4.949973661308040146e-02 1.894359734688206513e-03 2.199179118266354500e-03
2.562680328964694540e-02 3.673718054817877443e-02 1.488895022919090516e-03 2.231918781845541704e-03
2.600745544062580197e-02 2.913392921701556462e-02 1.231177744699834316e-03 2.265155359184407077e-03
2.639389207564971432e-02 2.128785987844650229e-02 1.000201160034028822e-03 2.298896281894026276e-03
2.678619914457797124e-02 1.591928803013610561e-02 8.399044989516195369e-04 2.333149096129873666e-03
2.718446390294987011e-02 9.529982091795747429e-03 6.055654725395764448e-04 2.367921464392863402e-03
2.758877493139181430e-02 7.561417129508507182e-03 5.207203188830851004e-04 2.403221167362401371e-03
2.799922215531911590e-02 5.370813821762022468e-03 4.149128233022825510e-04 2.439056105762216469e-03
2.841589686493692021e-02 5.203726757557489493e-03 4.041525922073768489e-04 2.475434302259636905e-03
2.883889173554467222e-02 6.663730584787817650e-03 4.528176486159275673e-04 2.512363903399098680e-03
2.926830084814863522e-02 7.278162304459987950e-03 4.664584008548887232e-04 2.549853181570624783e-03
2.970421971038710030e-02 8.809693134870705267e-03 5.123316046385759538e-04 2.587910537014081330e-03
3.014674527777285937e-02 1.021853799499867696e-02 5.372907635453600230e-04 2.626544499860015980e-03
3.059597597525770193e-02 1.253438564371349602e-02 5.965127028624404469e-04 2.665763732207931253e-03
3.105201171912378572e-02 1.443842961895873411e-02 6.248417063267437330e-04 2.705577030242847965e-03
3.151495393920668298e-02 1.474850088141831626e-02 6.213420532405254746e-04 2.745993326391066042e-03
3.198490560145505340e-02 1.474123337112738172e-02 6.023253233017723069e-04 2.787021691516030839e-03
3.246197123083196384e-02 1.511426528505748802e-02 5.997179471795235526e-04 2.828671337155273368e-03
3.294625693456294108e-02 1.484466040317259858e-02 5.912333756870538767e-04 2.870951617799409345e-03
3.343787042573607982e-02 1.273865376686694403e-02 5.204735434835187436e-04 2.913872033214203166e-03
3.393692104725912900e-02 1.126529470487117046e-02 4.728318854048723036e-04 2.957442230806745041e-03
3.444351979617916309e-02 8.645258059227322114e-03 4.095115859489944468e-04 3.001672008036847163e-03
3.495777934837022982e-02 8.078816254059378518e-03 3.819120753116932816e-04 3.046571314874761335e-03
3.547981408359422023e-02 5.410622757456078243e-03 2.982953756566763008e-04 3.092150256306373801e-03
3.600974011094091459e-02 4.761006134910228740e-03 2.772550703504550766e-04 3.138419094887109385e-03
3.654767529465252629e-02 3.028877947818098444e-03 2.180422011065613868e-04 3.185388253345727578e-03
3.709373928033863482e-02 2.165084934813463029e-03 1.772783479027375219e-04 3.233068317239345870e-03
3.764805352158736435e-02 1.533514995685795459e-03 1.459878572721268046e-04 3.281470037660985748e-03
3.821074130697866417e-02 1.795694952608594677e-03 1.566317940547765064e-04 3.330604334001018713e-03
3.878192778750570724e-02 1.709984337573603082e-03 1.513042777159966296e-04 3.380482296763936533e-03
3.936174000441054754e-02 2.552058665281774393e-03 1.858341750150277894e-04 3.431115190441907242e-03
3.995030691744020507e-02 2.463828985906248940e-03 1.794290901338247942e-04 3.482514456446652532e-03
4.054775943352936091e-02 3.351053819983351723e-03 2.086623957818122465e-04 3.534691716101181352e-03
4.115423043591631691e-02 3.663081602165665310e-03 2.078593668485440179e-04 3.587658773693082771e-03
4.176985481369833997e-02 3.904321407093478812e-03 2.107257712287074016e-04 3.641427619590976647e-03
4.239476949183326737e-02 4.184775830361218973e-03 2.189276459202206570e-04 3.696010433425959193e-03
4.302911346159380562e-02 4.171551207714166085e-03 2.190126395563589726e-04 3.751419587339782039e-03
4.367302781148154484e-02 3.513482671758532978e-03 1.946373692088719444e-04 3.807667649301696433e-03
4.432665575860736396e-02 2.823823667071569468e-03 1.706413122844032738e-04 3.864767386495894606e-03
4.499014268054517263e-02 2.540150723160605317e-03 1.614606569398591087e-04 3.922731768781548452e-03
4.566363614766637963e-02 1.737456185885447079e-03 1.343247433369283434e-04 3.981573972227566219e-03
4.634728595596195044e-02 1.330632061259611745e-03 1.114192423078578994e-04 4.041307382724235175e-03
4.704124416035945083e-02 1.037497635781150888e-03 9.637542595865022661e-05 4.101945599673973743e-03
4.774566510854260509e-02 6.829705296132205497e-04 7.919444131044051679e-05 4.163502439763569658e-03
4.846070547528071731e-02 7.667196786288670929e-04 8.449888479405567941e-05 4.225991940820314138e-03
4.918652429727578962e-02 7.440766208244909731e-04 8.262015191149047215e-05 4.289428365754526136e-03
4.992328300853479672e-02 9.809854384732179938e-04 9.447837281528779563e-05 4.353826206591112150e-03
5.067114547627531856e-02 1.081565936240382574e-03 9.721702550253845019e-05 4.419200188592853872e-03
5.143027803737234421e-02 1.342651504493880092e-03 1.079084368867282894e-04 4.485565274478234797e-03
5.220084953535419209e-02 1.324411716544816268e-03 1.053303497190025460e-04 4.552936668736741813e-03
5.298303135795622010e-02 1.315557839837286488e-03 1.071242576463360960e-04 4.621329822044671458e-03
5.377699747524019441e-02 1.172372014815195379e-03 1.002575779552420543e-04 4.690760435784574640e-03
5.458292447828811539e-02 1.066441643044645964e-03 9.484096168708775864e-05 4.761244466671654858e-03
5.540099161847897302e-02 9.962354956953318325e-04 9.168747365856780350e-05 4.832798131490472285e-03
5.623138084735716108e-02 7.773074890029613637e-04 7.964063919425121553e-05 4.905437911945518571e-03
5.707427685710155657e-02 6.088233171124354673e-04 7.043843960305996008e-05 4.979180559629346053e-03
5.792986712160400065e-02 3.697113868785067135e-04 5.593747716054556918e-05 5.054043101112018314e-03
5.879834193816668025e-02 2.868192653496120267e-04 4.783456185589865582e-05 5.130042843155913600e-03
5.967989446982722296e-02 4.397671595212991982e-04 6.171386409281165008e-05 5.207197378059938604e-03
6.057472078832148998e-02 3.766632190636125819e-04 5.794728427840008830e-05 5.285524589137509388e-03
6.148301991769303948e-02 4.146014180920117595e-04 6.078854424285482497e-05 5.365042656332683069e-03
6.240499387855936303e-02 4.752101778393440527e-04 6.472324933649536267e-05 5.445770061979145725e-03
6.334084773304456129e-02 5.143834579854415475e-04 6.539681875644406744e-05 5.527725596706808790e-03
6.429078963038864503e-02 5.900485949271505387e-04 7.256120577717618120e-05 5.610928365501100142e-03
6.525503085324314834e-02 4.690400922164863953e-04 6.697789915076726198e-05 5.695397793920067321e-03
6.623378586466402429e-02 3.484858373318741338e-04 5.734326980741564307e-05 5.781153634474826657e-03
6.722727235581166250e-02 4.253890343743897576e-04 6.602994708682789532e-05 5.868215973178908529e-03
6.823571129436895033e-02 2.089738726157640909e-04 4.697607397011539142e-05 5.956605236272402050e-03
6.925932697368820945e-02 1.436698870570991848e-04 3.991799453913999788e-05 6.046342197127025329e-03
7.029834706267763800e-02 2.017774225592655895e-04 4.734786879321651270e-05 6.137447983338435720e-03
7.135300265643861051e-02 2.407019533955990793e-04 5.273291760293729414e-05 6.229944084012394544e-03
7.242352832766506265e-02 2.290323370450934935e-04 4.931354640461977224e-05 6.323852357251723462e-03
7.351016217881628512e-02 3.050427686809032693e-04 5.864539469418789450e-05 6.419195037851099794e-03
7.461314589507475614e-02 2.926527342384069611e-04 6.029397734695056968e-05 6.515994745207261997e-03
7.573272479810101709e-02 2.500468138346960021e-04 5.229961897836776292e-05 6.614274491452296241e-03
7.686914790059710956e-02 2.796237882755067206e-04 5.716106194929347037e-05 6.714057689818099181e-03
7.802266796169116114e-02 1.438853136641815242e-04 4.100690641018355003e-05 6.815368163240424250e-03
7.919354154315511041e-02 1.738968472010379645e-04 4.675265669148489096e-05 6.918230153211255354e-03
8.038202906646828294e-02 7.609227964057869434e-05 2.984986219834399591e-05 7.022668328888576235e-03
8.158839487073943353e-02 1.456331932816269431e-04 4.342607812881602589e-05 7.128707796473079950e-03
8.281290727149993869e-02 1.072917808219104517e-04 3.887257213698687896e-05 7.236374108861588425e-03
8.405583862038183696e-02 4.366466390272278280e-05 2.228289215761856186e-05 7.345693275587548803e-03
8.531746536569308204e-02 8.957809236434391767e-05 3.430606897701963219e-05 7.456691773059192715e-03
8.659806811390416414e-02 1.375790758123156320e-04 4.464945761801103621e-05 7.569396555106579563e-03
8.789793169205981083e-02 1.201385288242679797e-04 3.952069670348156246e-05 7.683835063849070099e-03
8.921734521112896499e-02 5.606783292138810108e-05 2.637842544971648318e-05 7.800035240895253699e-03
9.055660213030790329e-02 1.390502583636150534e-04 4.654935444586202209e-05 7.918025538887945095e-03
9.191600032229035877e-02 7.657155014556241591e-05 3.377577745200164260e-05 8.037834933407303484e-03
9.329584213951938598e-02 3.526033558007197501e-05 2.476789309971797151e-05 8.159492935245680340e-03
9.469643448143526265e-02 2.090309514016522942e-05 1.796115102566041188e-05 8.283029603068321756e-03
9.611808886273520702e-02 1.484452509698577896e-05 1.484671875482193762e-05 8.408475556474781509e-03
9.756112148265917716e-02 4.669692221828483770e-06 4.670389641375223958e-06 8.535861989476275710e-03
9.902585329531794767e-02 5.041582099600601277e-05 2.699054850182880632e-05 8.665220684405080739e-03
1.005126100810783268e-01 9.577446766741559822e-05 4.159251390660036396e-05 8.796584026272480372e-03
1.020217225190223065e-01 1.091769179717625278e-04 4.679213303041367247e-05 8.929985017592758506e-03
1.035535262604952711e-01 6.357061627498878005e-05 3.648726028462420819e-05 9.065457293691058308e-03
1.051083620037606137e-01 6.791988059395639445e-05 3.927175144493831458e-05 9.203035138514134225e-03
1.066865755697763568e-01 6.755404710543016307e-05 3.659310193241620252e-05 9.342753500963224544e-03
1.082885179791115426e-01 6.616743963041852770e-05 3.840739359665320824e-05 9.484648011769694631e-03
1.115650198776818730e-01 3.327622566975091232e-06 3.328350751476341624e-06 9.775111515752620689e-03
1.132403081146516055e-01 2.762511916514718210e-05 2.763204932203473330e-05 9.923755339448425347e-03
1.149407828524953157e-01 3.411687369157790327e-05 3.412554074127851199e-05 1.007472501044062545e-02
1.166668223046709446e-01 2.690123909883925738e-05 1.554297807537344356e-05 1.022805984226688412e-02
