1.559892492145000496e-02 7.936968826876947825e-01 7.114537471908106980e-02 1.355545316151439764e-03
1.582600186372452519e-02 8.718487551664940716e-01 7.401129044259127654e-02 1.375409076437027461e-03
1.605659876651581094e-02 8.653570512276690385e-01 6.711975071248882374e-02 1.395578746160036718e-03
1.629076691842953201e-02 7.067502247234752621e-01 4.848012055303264900e-02 1.416058813458034860e-03
1.652855840237254723e-02 8.498845131456650437e-01 6.204933153445943428e-02 1.436853835977161499e-03
1.677002610713717451e-02 7.642993707656843272e-01 5.304795718183159120e-02 1.457968441906026336e-03
1.701522373916460398e-02 7.892064690530441462e-01 5.522334275541593979e-02 1.479407331026697013e-03
1.726420583449024548e-02 7.760181259292300293e-01 5.330798602277375675e-02 1.501175275783067382e-03
1.751702777087352572e-02 6.899181160911600497e-01 4.547066091934187648e-02 1.523277122366916694e-03
1.777374578011492803e-02 6.067314080167207635e-01 3.885069665112989012e-02 1.545717791821948342e-03
1.803441696056297394e-02 4.711478406596636415e-01 2.807379008154185437e-02 1.568502281166141632e-03
1.829909928981393596e-02 4.738716491688507726e-01 2.832320167044447348e-02 1.591635664532726471e-03
1.856785163760708846e-02 3.989331506515809145e-01 2.273256002550798349e-02 1.615123094330107086e-03
1.884073377891841428e-02 2.968590514264889957e-01 1.588273054332464337e-02 1.638969802421094517e-03
1.911780640725564348e-02 2.259537533070156423e-01 1.171897047276576273e-02 1.663181101321764251e-03
1.939913114815748976e-02 1.592380224457785320e-01 7.919907474914066742e-03 1.687762385420313923e-03
1.968477057290038412e-02 1.126523353415662676e-01 5.843370395533258564e-03 1.712719132216291651e-03
1.997478821241533559e-02 9.037372580123977095e-02 4.833112338768495546e-03 1.738056903580538493e-03
2.026924857141836414e-02 5.460745136174152692e-02 3.161688213996764057e-03 1.763781347036264598e-03
2.056821714275747573e-02 4.539762849207115009e-02 2.750164588693908112e-03 1.789898197061624450e-03
2.087176042197942671e-02 3.387507882308026658e-02 2.080432734404752404e-03 1.816413276414211627e-03
2.117994592211947316e-02 4.242788314305680902e-02 2.427968613193678526e-03 1.843332497477875344e-03
2.149284218871744256e-02 4.313049132475940683e-02 2.285249239467996695e-03 1.870661863632288105e-03
2.181051881506345866e-02 5.396416017292259004e-02 2.646918788097017174e-03 1.898407470645708563e-03
2.213304645767667431e-02 6.754575093331544045e-02 3.077864625225780037e-03 1.926575508091368056e-03
2.246049685202052698e-02 7.770623965960445079e-02 3.213443500188989908e-03 1.955172260787961351e-03
2.279294282845787528e-02 8.333282099149554034e-02 3.264637243237793977e-03 1.984204110264700845e-03
2.313045832844979818e-02 7.710413351020228845e-02 2.965404200338729156e-03 2.013677536251414109e-03
2.347311842100134952e-02 7.603216270441462421e-02 2.800391842537178645e-03 2.043599118194216243e-03
2.382099931935826795e-02 7.175817400399558954e-02 2.585501985066833690e-03 2.073975536797215222e-03
2.417417839795804255e-02 7.627601748294739192e-02 2.745173487880613137e-03 2.104813575590823785e-03
2.453273420963931334e-02 6.188042232693080624e-02 2.282132313268007973e-03 2.136120122527201959e-03
2.489674650311337820e-02 5.770846306929677122e-02 2.121892717570028359e-03 2.167902171603381441e-03
2.526629624070158772e-02 4.915051866262430680e-02 1.884866524714496477e-03 2.200166824512647754e-03
2.564146561634281923e-02 3.849033574734336133e-02 1.530793992986475508e-03 2.232921292324781693e-03
2.602233807387471787e-02 3.077621909443479728e-02 1.271403610178396034e-03 2.266172897195742504e-03
2.640899832559305896e-02 2.139710755417627286e-02 1.002542783732212521e-03 2.299929074107445043e-03
2.680153237109315564e-02 1.675205302203514740e-02 8.647237989964221602e-04 2.334197372638237636e-03
2.720002751639761379e-02 1.186580749993447655e-02 6.837172861652901674e-04 2.368985458764784943e-03
2.760457239337469129e-02 8.078984726421866228e-03 5.375978867277244602e-04 2.404301116695994629e-03
2.801525697945145624e-02 6.275977442409261427e-03 4.480031515712121649e-04 2.440152250739721206e-03
2.843217261762628553e-02 5.302122092795206673e-03 4.079208491155645201e-04 2.476546887202946568e-03
2.885541203678509969e-02 4.824029929984572501e-03 3.806915684474532300e-04 2.513493176326199625e-03
2.928506937232577129e-02 6.705297491212560898e-03 4.456192255112586100e-04 2.550999394252970957e-03
2.972124018709546359e-02 9.011193140458924680e-03 5.171264623003937353e-04 2.589073945034922174e-03
3.016402149264531957e-02 1.050855156549960860e-02 5.447246572297267074e-04 2.627725362673687549e-03
3.061351177080752148e-02 1.292867704779737149e-02 6.081295486796952157e-04 2.666962313200145224e-03
3.106981099559922785e-02 1.385234197292654033e-02 6.105453867766639630e-04 2.706793596791980724e-03
3.153302065545847410e-02 1.445897761548388914e-02 6.160209806255074463e-04 2.747228149930482088e-03
3.200324377581694607e-02 1.485420285999894223e-02 6.062700664788057579e-04 2.788275047597455706e-03
3.248058494201442464e-02 1.494846395396975253e-02 5.938581283385039461e-04 2.829943505513232097e-03
3.296515032256035899e-02 1.420033262757043439e-02 5.749794233442148119e-04 2.872242882416763902e-03
3.345704769274755741e-02 1.281696497913205508e-02 5.245701649649425584e-04 2.915182682388799216e-03
3.395638645862311678e-02 1.113947855899693681e-02 4.685221121375361523e-04 2.958772557219200173e-03
3.446327768132215891e-02 1.018366917409884408e-02 4.494525916260851779e-04 3.003022308819502245e-03
3.497783410176966146e-02 7.896449185753818406e-03 3.777135194224690734e-04 3.047941891681807576e-03
3.550017016575592044e-02 6.532504352185098534e-03 3.329626616917872066e-04 3.093541415385208434e-03
3.603040204939118168e-02 4.324248840730754266e-03 2.639297127046886550e-04 3.139831147150913462e-03
3.656864768494507562e-02 3.158152127679118154e-03 2.240140835071131441e-04 3.186821514447307942e-03
3.711502678707680192e-02 2.402304565032713397e-03 1.859643945797230589e-04 3.234523107646279476e-03
3.766966087946153896e-02 1.884675460315623011e-03 1.612578046795258026e-04 3.282946682732068924e-03
3.823267332181937150e-02 1.760665320345439428e-03 1.548155361069814679e-04 3.332103164064072979e-03
3.880418933735250986e-02 1.635839047966660851e-03 1.481701876922413464e-04 3.382003647194988753e-03
3.938433604059699694e-02 2.148337698853982226e-03 1.700654558983040856e-04 3.432659401745774899e-03
3.997324246569509965e-02 2.489885849274403248e-03 1.804418088605687365e-04 3.484081874338975336e-03
4.057103959509456709e-02 3.714716116654671017e-03 2.204934687078552880e-04 3.536282691591919550e-03
4.117786038868133380e-02 3.574659381721098737e-03 2.047554987228479182e-04 3.589273663171522934e-03
4.179383981335198228e-02 4.160924352985775898e-03 2.182970365546870665e-04 3.643066784912280497e-03
4.241911487303256373e-02 4.071136903762663170e-03 2.154160860795441398e-04 3.697674241999278442e-03
4.305382463915059799e-02 3.482045316918976324e-03 1.989062993543114634e-04 3.753108412218005181e-03
4.369811028156676824e-02 3.318789596434665919e-03 1.890254072031184740e-04 3.809381869272827469e-03
4.435211509997348533e-02 3.247114050118161954e-03 1.855141908001705167e-04 3.866507386176130934e-03
4.501598455576703850e-02 2.476426102129041223e-03 1.603870415940016070e-04 3.924497938710089576e-03
4.568986630440062535e-02 2.129734787048761548e-03 1.491914899663426602e-04 3.983366708963191442e-03
4.637391022822535958e-02 1.244329198791059967e-03 1.075973136994436933e-04 4.043127088943695817e-03
4.706826846982660462e-02 8.577272231470344562e-04 8.731399825988550275e-05 4.103792684272255381e-03
4.777309546586289840e-02 8.438116116655222437e-04 8.807010290399553461e-05 4.165377317956044795e-03
4.848854798141525452e-02 6.082331748112075175e-04 7.414615140079400604e-05 4.227895034246862901e-03
4.921478514485431999e-02 6.760901695253816474e-04 7.877539843929814674e-05 4.291360102585648449e-03
4.995196848323306404e-02 9.960465084551466900e-04 9.566603381223441345e-05 4.355787021636098148e-03
5.070026195821313031e-02 1.014196145967250200e-03 9.464976837338958098e-05 4.421190523410064611e-03
5.145983200253253370e-02 1.304978445939357096e-03 1.063529789980112672e-04 4.487585577487534019e-03
5.223084755702307735e-02 1.389298320851604365e-03 1.083381271608066699e-04 4.554987395334152492e-03
5.301348010818554557e-02 1.161515353210040543e-03 1.004639963890228608e-04 4.623411434719296165e-03
5.380790372633113827e-02 1.266316193772889197e-03 1.038889905221267418e-04 4.692873404237865587e-03
5.461429510429753609e-02 1.062017745307692251e-03 9.319994418029333002e-05 4.763389267939066585e-03
5.543283359674833211e-02 9.900978559449510972e-04 9.087930556823768657e-05 4.834975250065582861e-03
5.626370126006441374e-02 8.596605077624685110e-04 8.567644683796579600e-05 4.907647839906677419e-03
5.710708289283627365e-02 6.225090062436381333e-04 7.310715469409119884e-05 4.981423796768914315e-03
5.796316607696629097e-02 4.235027939854782474e-04 6.089071930104238898e-05 5.056320155068282432e-03
5.883214121939007307e-02 3.468118094366428586e-04 5.368809250731386656e-05 5.132354229547738886e-03
5.971420159442594050e-02 2.948457499542864570e-04 4.970960217501789951e-05 5.209543620624248680e-03
6.060954338676240172e-02 2.678199067346346196e-04 4.890375255119811806e-05 5.287906219869646131e-03
6.151836573509285311e-02 4.348883996474531798e-04 6.183325802984654233e-05 5.367460215629762423e-03
6.244087077640729511e-02 4.270804012546063478e-04 5.930901758085174312e-05 5.448224098786483109e-03
6.337726369095082746e-02 4.176136858753247980e-04 5.916498268796427053e-05 5.530216668667483487e-03
6.432775274785920705e-02 4.752679338873235675e-04 6.494856732756477101e-05 5.613457039108771425e-03
6.529254935148125216e-02 4.070662237542925824e-04 6.095611787858112022e-05 5.697964644675142937e-03
6.627186808839874432e-02 3.561618462040760155e-04 5.874523665651664985e-05 5.783759247044060851e-03
6.726592677515379204e-02 3.953842312089208048e-04 6.171641652135358472e-05 5.870860941558536314e-03
6.827494650669502230e-02 2.641958971794505784e-04 4.989950882991321278e-05 5.959290163954944139e-03
6.929915170555261961e-02 2.730464432038532709e-04 5.543118430386434372e-05 6.049067697271827068e-03
7.033877017175357849e-02 1.231728471378295089e-04 3.654290390213086866e-05 6.140214678946095267e-03
7.139403313348818836e-02 1.910099591811516197e-04 4.794636258003289023e-05 6.232752608103177445e-03
7.246517529853897799e-02 2.006548953557785663e-04 4.900965058374231277e-05 6.326703353048091991e-03
7.355243490648356863e-02 2.046032118314904515e-04 4.755797681198543648e-05 6.422089158964488023e-03
7.465605378168300998e-02 3.103438008834124109e-04 6.153317820964724315e-05 6.518932655829226715e-03
7.577627738706761706e-02 2.146800891339844251e-04 4.997288579539755743e-05 6.617256866550174678e-03
7.691335487873178500e-02 1.801174300696616157e-04 4.599812202502295529e-05 6.717085215335332274e-03
7.806753916135052151e-02 2.468849338604892129e-04 5.599305646120675359e-05 6.818441536301679019e-03
7.923908694442953482e-02 1.480798477780909366e-04 4.376412834865103958e-05 6.921350082332516397e-03
8.042825879940163070e-02 1.126583404424349354e-04 3.551802037671113633e-05 7.025835534192345980e-03
8.163531921758214460e-02 9.698644166319863127e-05 3.261979419017969900e-05 7.131923009908872416e-03
8.286053666899598213e-02 7.516008246398725012e-05 3.282178158089216565e-05 7.239638074431888233e-03
8.410418366209000685e-02 9.294492349675829589e-05 3.568199406418709132e-05 7.349006749579402829e-03
8.536653680434316827e-02 7.038093778996898494e-05 3.088992710823558203e-05 7.460055524281633023e-03
8.664787686378853937e-02 2.263268327785723940e-04 5.872546044174611614e-05 7.572811365134064082e-03
8.794848883146096086e-02 8.528098208821664132e-05 3.348765767617254124e-05 7.687301727271160512e-03
8.926866198478347614e-02 6.980177970057887269e-05 2.656491093530096090e-05 7.803554565572709198e-03
9.060868995190746178e-02 1.489294049330933871e-04 4.510078430593952848e-05 7.921598346215485281e-03
9.196887077702040059e-02 4.329658913034672020e-05 2.420674765545620730e-05 8.041462058583239911e-03
9.334950698663568858e-02 5.436157524104076518e-05 3.039514568284400233e-05 8.163175227548662150e-03
9.475090565687958877e-02 3.347070996049362297e-05 2.371073232827565269e-05 8.286767926141464305e-03
9.617337848178988957e-02 5.874111868255568465e-05 3.178336899235300673e-05 8.412270788617375733e-03
9.761724184264189419e-02 7.082194566042045907e-05 3.563121886463322248e-05 8.539715023943411296e-03
9.908281687831668738e-02 6.149474054984801097e-05 3.552088333318855574e-05 8.669132429715403418e-03
1.005704295567277917e-01 2.549301024921157944e-05 2.175270356481037243e-05 8.800555406524409457e-03
1.020804107473216732e-01 8.756751707949362662e-05 4.148551459694783104e-05 8.934016972789426622e-03
1.036130962946686523e-01 6.357061627498878005e-05 3.648726028462419464e-05 9.069550780074339333e-03
1.051688270931600694e-01 2.395044759211708971e-05 2.395561549984093116e-05 9.207191128907991906e-03
1.067479491628290228e-01 4.372760083853425699e-05 3.127368174469273229e-05 9.346972985126827602e-03
1.083508137263105991e-01 2.147622171520378892e-05 1.617602411055206157e-05 9.488931996760553364e-03
1.099777772869598574e-01 3.090738000229811578e-05 1.797333153509782900e-05 9.633104511481888066e-03
1.116292017081438048e-01 4.845065837107105167e-05 2.782323096054341603e-05 9.779527594642539734e-03
1.133054542937258352e-01 1.093556117916339132e-04 5.474163172666388283e-05 9.928239047918275412e-03
1.150069078697600333e-01 6.269037148167858661e-05 3.366881478045305768e-05 1.007927742858695519e-02
1.167339408674139822e-01 4.715400507979713405e-05 2.724460625878600046e-05 1.023268206946442715e-02
