1.558423539643838743e-02 7.964276832511871795e-01 7.139216332125956910e-02 1.354538763623474532e-03
1.581109162104522847e-02 8.716691402342668926e-01 7.400442683792934906e-02 1.374387503543633791e-03
1.604146448988815615e-02 8.290913547310345688e-01 6.444745632952990355e-02 1.394541925855663413e-03
1.627540524174393363e-02 6.942436270967798917e-01 4.766560322143247735e-02 1.415006515296589806e-03
1.651296590894185679e-02 8.340382463977242811e-01 6.094464717988194724e-02 1.435785826060494283e-03
1.675419932893673983e-02 7.791732325548073046e-01 5.403984997961773507e-02 1.456884482831609633e-03
1.699915915606093827e-02 8.331397711832355668e-01 5.817681258616163448e-02 1.478307181834489841e-03
1.724789987345808767e-02 7.850237429309621096e-01 5.390197682620931352e-02 1.500058691901551321e-03
1.750047680520114626e-02 7.213425146121530407e-01 4.744909420363448149e-02 1.522143855558289469e-03
1.775694612859749291e-02 6.401601027557743961e-01 4.089792784997341862e-02 1.544567590126461748e-03
1.801736488668378641e-02 5.089245096509877886e-01 3.020997552163809385e-02 1.567334888845569067e-03
1.828179100091337217e-02 5.096910196829024242e-01 3.033942906553337149e-02 1.590450822012946840e-03
1.855028328403906038e-02 4.275665528631779067e-01 2.424203360772014121e-02 1.613920538142790554e-03
1.882290145319414146e-02 3.356276069613431945e-01 1.776304090648017642e-02 1.637749265144475361e-03
1.909970614317454962e-02 2.544749498727650883e-01 1.302183106678766328e-02 1.661942311520482173e-03
1.938075891992509237e-02 1.801099256862074838e-01 8.785476312442017099e-03 1.686505067584317735e-03
1.966612229423285452e-02 1.453128504969517787e-01 7.176984847594664561e-03 1.711443006698774990e-03
1.995585973563067383e-02 9.959051921724688949e-02 5.195003655922640975e-03 1.736761686534907994e-03
2.025003568651387309e-02 6.514227271114160500e-02 3.581608248799769429e-03 1.762466750352111033e-03
2.054871557647339891e-02 5.294948466099635292e-02 3.055405415711736055e-03 1.788563928299684693e-03
2.085196583684850030e-02 3.527427514722269314e-02 2.140507968229286503e-03 1.815059038740307563e-03
2.115985391550219766e-02 3.787190679588983699e-02 2.258841300905220159e-03 1.841957989595804143e-03
2.147244829182287998e-02 3.615126398913467987e-02 2.038457584444609491e-03 1.869266779715655826e-03
2.178981849195528800e-02 4.643920717237886436e-02 2.394374609649458415e-03 1.896991500268679562e-03
2.211203510426434232e-02 6.124314800329774128e-02 2.875264889009608322e-03 1.925138336158319563e-03
2.243916979503519232e-02 6.702242614966040513e-02 2.892357742536924223e-03 1.953713567462013294e-03
2.277129532441304546e-02 7.427777375941527205e-02 3.001616748148792837e-03 1.982723570895116375e-03
2.310848556258626035e-02 7.683039210413029896e-02 2.957987082794942806e-03 2.012174821299835686e-03
2.345081550621631525e-02 7.740927601884198261e-02 2.836429180555614417e-03 2.042073893159726886e-03
2.379836129511839204e-02 7.280088530131656466e-02 2.611473304734396143e-03 2.072427462140198889e-03
2.415120022919610768e-02 7.388509364961876047e-02 2.682682002666974316e-03 2.103242306655603213e-03
2.450941078563437237e-02 6.731558989091990242e-02 2.420507436886673233e-03 2.134525309463440514e-03
2.487307263635404192e-02 5.740107557919889997e-02 2.115996855261136414e-03 2.166283459286212111e-03
2.524226666573223254e-02 4.911720522860003185e-02 1.884209702087739913e-03 2.198523852461516277e-03
2.561707498859245799e-02 4.137714719391066137e-02 1.607458842369969979e-03 2.231253694620979108e-03
2.599758096846829444e-02 3.031927656796726614e-02 1.260249180372446758e-03 2.264480302398600656e-03
2.638386923614485791e-02 2.316255475269364539e-02 1.049287241132065797e-03 2.298211105169171205e-03
2.677602570848210475e-02 1.877474218507544160e-02 9.216620952638492851e-04 2.332453646817362215e-03
2.717413760752415697e-02 1.256530913568898455e-02 7.037135245855736729e-04 2.367215587538197986e-03
2.757829347989900967e-02 8.456651381360020744e-03 5.477161998533935580e-04 2.402504705669544684e-03
2.798858321651270450e-02 6.175398089863853683e-03 4.424238453162113996e-04 2.438328899557343568e-03
2.840509807254263872e-02 5.298726934139928735e-03 4.080366923690191268e-04 2.474696189454303561e-03
2.882793068773416983e-02 5.089880408269797062e-03 3.941434603260875885e-04 2.511614719452792601e-03
2.925717510700530030e-02 6.315278135656649666e-03 4.348220280541579197e-04 2.549092759452704481e-03
2.969292680136383089e-02 7.423075448255769641e-03 4.664414411320475049e-04 2.587138707165082246e-03
3.013528268914165628e-02 9.338553650483390547e-03 5.092275628611633940e-04 2.625761090152309990e-03
3.058434115755103919e-02 1.202806906338439556e-02 5.816453202262060040e-04 2.664968567905733922e-03
3.104020208456758148e-02 1.385673114991289000e-02 6.101492103539692038e-04 2.704769933961555760e-03
3.150296686114469058e-02 1.487601029075664473e-02 6.270980095430940494e-04 2.745174118055908764e-03
3.197273841376469666e-02 1.549315713811588030e-02 6.225508308454470556e-04 2.786190188320031031e-03
3.244962122733131143e-02 1.509425891129631027e-02 5.975691913412209139e-04 2.827827353516491893e-03
3.293372136840885117e-02 1.594851523196558554e-02 6.161150240369101362e-04 2.870094965317473643e-03
3.342514650881320964e-02 1.406070917511361568e-02 5.526294725720176616e-04 2.913002520626083083e-03
3.392400594955984061e-02 1.101921132737743864e-02 4.630550107812524412e-04 2.956559663941784460e-03
3.443041064517408240e-02 1.178647347751301915e-02 4.890398489727125833e-04 3.000776189771024553e-03
3.494447322836932018e-02 8.299538234623196273e-03 3.879542322255910580e-04 3.045662045084152753e-03
3.546630803509834978e-02 6.905961439538157998e-03 3.421986290388017793e-04 3.091227331819830938e-03
3.599603112998354948e-02 5.372672379429661513e-03 2.969068440546188885e-04 3.137482309438096272e-03
3.653376033213161234e-02 3.682750483927352877e-03 2.415847452266552705e-04 3.184437397523333293e-03
3.707961524133845249e-02 2.832747020323006775e-03 2.023405854146214191e-04 3.232103178438437696e-03
3.763371726469016271e-02 2.121137533155293287e-03 1.718279879638833039e-04 3.280490400031486290e-03
3.819618964356594204e-02 1.649596057109469415e-03 1.491591853352301539e-04 3.329609978396288767e-03
3.876715748104901660e-02 1.806595006977630745e-03 1.560985030552121194e-04 3.379473000688245059e-03
3.934674776975165961e-02 1.858857683080729567e-03 1.576243365961039697e-04 3.430090727996966318e-03
3.993508942006038925e-02 2.487811642318964872e-03 1.802924812321325134e-04 3.481474598277198643e-03
4.053231328880779055e-02 2.893439887529912231e-03 1.930063084014293281e-04 3.533636229339578300e-03
4.113855220837724092e-02 3.257976954409662947e-03 1.951511891852643398e-04 3.586587421902927546e-03
4.175394101624696486e-02 3.699474431217592355e-03 2.042824532046922466e-04 3.640340162709678785e-03
4.237861658498019019e-02 3.685895956559279065e-03 2.037189819253404117e-04 3.694906627706279721e-03
4.301271785266778946e-02 3.707534673127607650e-03 2.059388626745287825e-04 3.750299185290302539e-03
4.365638585383043585e-02 3.319597376989962770e-03 1.890132503086683520e-04 3.806530399626190456e-03
4.430976375078698321e-02 3.315340282292557339e-03 1.868934279218312851e-04 3.863613034031571514e-03
4.497299686549610653e-02 2.571223978258506404e-03 1.627302607220187448e-04 3.921560054436162325e-03
4.564623271187832898e-02 2.277184413038917544e-03 1.538333736896787586e-04 3.980384632915342537e-03
4.632962102862549919e-02 1.538710265681046381e-03 1.203691186897129777e-04 4.040100151300584502e-03
4.702331381250523384e-02 1.191358670985834603e-03 1.030991883293453200e-04 4.100720204868991102e-03
4.772746535216733366e-02 1.000858368656553938e-03 9.427507334208064661e-05 4.162258606114247611e-03
4.844223226246025665e-02 6.977474591652213336e-04 7.964750376085375611e-05 4.224729388601478237e-03
4.916777351926479578e-02 7.246979229792676171e-04 8.163703787889566271e-05 4.288146810908428572e-03
4.990425049485287118e-02 7.506407176828156381e-04 8.259594499096189709e-05 4.352525360655666239e-03
5.065182699377945852e-02 9.328618336038140132e-04 9.124864820766007839e-05 4.417879758628480771e-03
5.141066928931534857e-02 9.666941582918916771e-04 9.045569103638478544e-05 4.484224962993262585e-03
5.218094616042907863e-02 1.394033651006425234e-03 1.082670663354233455e-04 4.551576173611346539e-03
5.296282892932614728e-02 1.364420013066939977e-03 1.084441027810762327e-04 4.619948836453296841e-03
5.375649149955388090e-02 1.206469860581869382e-03 1.006110076403115498e-04 4.689358648116816533e-03
5.456211039468041729e-02 1.424562956750453479e-03 1.096695134332785552e-04 4.759821560451545433e-03
5.537986479755649394e-02 1.133031293161489064e-03 9.769994294644202589e-05 4.831353785294134444e-03
5.620993659016864513e-02 9.939957063829498677e-04 9.298271360366372094e-05 4.903971799317149820e-03
5.705251039409265507e-02 5.957562687052778833e-04 7.039270506103298083e-05 4.977692348995463312e-03
5.790777361155654418e-02 4.652965594740728354e-04 6.262662235707935757e-05 5.052532455693953262e-03
5.877591646712185952e-02 4.595942562012740812e-04 6.278017620840452176e-05 5.128509420880468343e-03
5.965713204999268521e-02 2.829659629402552423e-04 4.948565255565717932e-05 5.205640831468193001e-03
6.055161635696191397e-02 4.169721489160111870e-04 6.249216898230722966e-05 5.283944565291681141e-03
6.145956833600414726e-02 4.479347038564850158e-04 6.321676793531685759e-05 5.363438796721030181e-03
6.238118993052496619e-02 4.810015187686105865e-04 6.605333097762434882e-05 5.444142002418827196e-03
6.331668612427641951e-02 5.146700381824641929e-04 6.750326576074277922e-05 5.526072967244651489e-03
6.426626498694887335e-02 5.425540052964940340e-04 7.027087469818182192e-05 5.609250790312208558e-03
6.523013772044904124e-02 4.211661818392654325e-04 6.392212680253176089e-05 5.693694891204227615e-03
6.620851870587476928e-02 4.647906747517159542e-04 6.818251051524447739e-05 5.779425016350618269e-03
6.720162555119692238e-02 2.963648144285537553e-04 5.333580429527031466e-05 5.866461245575463508e-03
6.820967913965901575e-02 3.544870593814092503e-04 5.983605536692315123e-05 5.954823998818765257e-03
6.923290367890511110e-02 2.615700372171747405e-04 5.183852093395027413e-05 6.044534043038983680e-03
7.027152675084745448e-02 1.145213745012645096e-04 3.323515068940121329e-05 6.135612499302810392e-03
7.132577936228433335e-02 1.688304594289171865e-04 4.369803033155778211e-05 6.228080850068672125e-03
7.239589599627981042e-02 2.380353995328961540e-04 5.148864186694986225e-05 6.321960946670954033e-03
7.348211466431657513e-02 2.139118278286496568e-04 4.565594378073473862e-05 6.417275017011983898e-03
7.458467695923361174e-02 3.380119313993033186e-04 6.354928894404432058e-05 6.514045673469340617e-03
7.570382810896041093e-02 1.595407286494913372e-04 3.974802808913304277e-05 6.612295921026126698e-03
7.683981703105967342e-02 3.034997540048865652e-04 5.995657603956522293e-05 6.712049165632363174e-03
7.799289638809070446e-02 2.364579343832154163e-04 5.290188651543108585e-05 6.813329222805837061e-03
7.916332264380558648e-02 1.886853681405017936e-04 4.751763779095728084e-05 6.916160326481180821e-03
8.035135612019113360e-02 1.223920418040333555e-04 3.950746253914541915e-05 7.020567138116255539e-03
8.155726105536860449e-02 8.298323786505596843e-05 3.249906207387788634e-05 7.126574756065342381e-03
8.278130566236446830e-02 1.136723039465987572e-04 3.741305097974466593e-05 7.234208725228936585e-03
8.402376218876585201e-02 1.135525711514827980e-04 3.460221675718947978e-05 7.343495046990520213e-03
8.528490697727235392e-02 1.453935534825482950e-04 4.383162435404518392e-05 7.454460189450831317e-03
8.656502052715939199e-02 6.323494113731364149e-05 2.803248959157750680e-05 7.567131097970928623e-03
8.786438755666595157e-02 1.164709082354083912e-04 3.822200200449689091e-05 7.681535206035524331e-03
8.918329706632037446e-02 1.357114034473195813e-04 4.034137947462901216e-05 7.797700446448643970e-03
9.052204240321908013e-02 1.211524971234407687e-04 3.890386129839386303e-05 7.915655262874229936e-03
9.188092132627145858e-02 1.434193745058671174e-04 4.756622979089608741e-05 8.035428621734657523e-03
9.326023607242663049e-02 2.159074216579816950e-05 1.770296524747209761e-05 8.157050024480895500e-03
9.466029342389564727e-02 5.251365575136643252e-05 2.868643028062513832e-05 8.280549520248307871e-03
9.608140477638504873e-02 4.142395669336190040e-05 2.421905345084675198e-05 8.405957718913018017e-03
9.752388620835636401e-02 5.235162897609955729e-05 2.816140912431053405e-05 8.533305804564041835e-03
9.898805855132702947e-02 2.024004272026193831e-05 1.614853369060479643e-05 8.662625549407250783e-03
1.004742474612286968e-01 1.016975459358043749e-04 4.574097955558302221e-05 8.793949328117747072e-03
1.019827834908384051e-01 2.426897169536556712e-05 2.177526620364699683e-05 8.927310132658027725e-03
1.035140021632989654e-01 4.349692382343076362e-05 3.045520519668918160e-05 9.062741587579871069e-03
1.050682440467446827e-01 4.593047102265160320e-05 3.252147348607217737e-05 9.200277965828821194e-03
1.066458548300495551e-01 2.608545940262176058e-06 2.609092838909783898e-06 9.339954205070668050e-03
1.082471853997138272e-01 4.093690136219355194e-05 3.009857886277605740e-05 9.481805924560387719e-03
1.098725919179071725e-01 6.749230300388958117e-05 3.390858843026469337e-05 9.625869442574548629e-03
1.115224359016847994e-01 6.102307337425030121e-05 3.350077877006325577e-05 9.772181794429317045e-03
1.131970843033949514e-01 5.409984566295498456e-05 3.828211741216271910e-05 9.920780751106928960e-03
1.148969095922949130e-01 5.098353224202589858e-06 5.099648408900112799e-06 1.007170483851441492e-02
