1.558957400810975086e-02 7.441717615387859475e-01 6.697543281446878549e-02 1.354904551633851102e-03
1.581651044810202661e-02 7.960254720506799719e-01 6.789304125713903348e-02 1.374758750028429568e-03
1.604696473756572761e-02 8.336688204420212855e-01 6.478851544825371678e-02 1.394918713324725659e-03
1.628098813338693662e-02 6.917229023674640320e-01 4.751609914570942284e-02 1.415388927495540719e-03
1.651863268627634662e-02 8.299132678218398285e-01 6.066447085280081419e-02 1.436173947989453871e-03
1.675995125234634384e-02 7.623669197709219691e-01 5.292161935091704156e-02 1.457278400764206328e-03
1.700499750486719752e-02 7.980162826897359007e-01 5.582007331776944054e-02 1.478706983337172744e-03
1.725382594620497936e-02 7.830639437208176679e-01 5.377893064140101126e-02 1.500464465853199080e-03
1.750649191994392215e-02 6.814395889572527620e-01 4.493459557826784412e-02 1.522555692170129028e-03
1.776305162319582673e-02 6.312043904224744484e-01 4.035349431110100971e-02 1.544985580962295654e-03
1.802356211909933101e-02 4.825047745304437141e-01 2.871944846650030178e-02 1.567759126842319366e-03
1.828808134951178180e-02 4.821204064337226702e-01 2.878296157890324058e-02 1.590881401501519467e-03
1.855666814789659613e-02 4.117703797467630045e-01 2.340508197626456691e-02 1.614357554869270397e-03
1.882938225240880087e-02 3.105426720202653090e-01 1.654756514380224461e-02 1.638192816291645293e-03
1.910628431918195980e-02 2.313773747580958884e-01 1.196848655776842560e-02 1.662392495729689236e-03
1.938743593581908689e-02 1.512270509275162877e-01 7.586854638054217614e-03 1.686961984977673485e-03
1.967289963509089024e-02 1.151042131508972638e-01 5.944888337681941172e-03 1.711906758901709938e-03
1.996273890884413954e-02 8.436663654019588288e-02 4.581380617737487379e-03 1.737232376699079277e-03
2.025701822212335954e-02 5.235327930520428802e-02 3.073269445611129160e-03 1.762944483178669614e-03
2.055580302750900298e-02 4.572866946842991248e-02 2.762307172463393697e-03 1.789048810062911828e-03
2.085915977967522927e-02 3.406031594555822273e-02 2.090791796944355824e-03 1.815551177311619697e-03
2.116715595017061233e-02 4.058891643394370308e-02 2.364648079807157854e-03 1.842457494468143766e-03
2.147986004242492461e-02 4.090087902341520837e-02 2.205887627439988112e-03 1.869773762028260726e-03
2.179734160698557077e-02 5.348933152103951816e-02 2.630611589881892178e-03 1.897506072832252574e-03
2.211967125698673098e-02 6.914237912760526350e-02 3.129598715011175196e-03 1.925660613480588423e-03
2.244692068385500602e-02 7.566197775355351651e-02 3.154241540968365926e-03 1.954243665773704869e-03
2.277916267325481858e-02 7.419549305441272558e-02 2.999067842637010307e-03 1.983261608176343539e-03
2.311647112127713372e-02 7.686336377421618127e-02 2.958923582409231107e-03 2.012720917306896635e-03
2.345892105087524909e-02 7.674300661455508987e-02 2.819547268770379155e-03 2.042628169452343108e-03
2.380658862855121113e-02 7.379766971825252320e-02 2.638319218164853451e-03 2.072990042109184444e-03
2.415955118129646528e-02 7.435060516401677255e-02 2.694954553230009386e-03 2.103813315550978526e-03
2.451788721379074762e-02 6.030818604481035655e-02 2.242583259583308657e-03 2.135104874422994164e-03
2.488167642586283645e-02 5.907174808065040333e-02 2.156879535062168184e-03 2.166871709364525788e-03
2.525099973021712255e-02 4.853583029873251992e-02 1.869549871023929062e-03 2.199120918659461590e-03
2.562593927043000167e-02 3.751565087627616035e-02 1.505383488917097024e-03 2.231859709915683197e-03
2.600657843921994408e-02 2.914587949767150424e-02 1.229963404444251243e-03 2.265095401773903165e-03
2.639300189699546675e-02 2.198372784569225732e-02 1.021415255638048183e-03 2.298835425646571749e-03
2.678529559068502236e-02 1.628901853047267853e-02 8.503264477087464765e-04 2.333087327487477856e-03
2.718354677285303445e-02 1.109103913284737244e-02 6.587219753089252261e-04 2.367858769592727682e-03
2.758784402110632875e-02 7.361423790031494836e-03 5.123168725999178519e-04 2.403157532433755020e-03
2.799827725779528362e-02 5.304506744148864555e-03 4.096544067767834453e-04 2.438991516523099194e-03
2.841493777001406415e-02 5.742684765184906392e-03 4.254265316135127754e-04 2.475368744313626284e-03
2.883791822990436002e-02 5.027969593329745766e-03 3.857877966676176288e-04 2.512297362131981227e-03
2.926731271526725880e-02 8.299419244009684574e-03 5.012874015364133856e-04 2.549785642147019311e-03
2.970321673048773384e-02 9.806388073532743346e-03 5.422085849413119368e-04 2.587841984374001595e-03
3.014572722777632968e-02 1.073300930818819714e-02 5.529927622340282626e-04 2.626474918715374779e-03
3.059494262873300313e-02 1.241748865341499308e-02 5.950090221490179389e-04 2.665693107038988145e-03
3.105096284623773406e-02 1.352135065926062668e-02 6.021627830953151005e-04 2.705505345294601047e-03
3.151388930667275295e-02 1.524220834625074350e-02 6.374652000555085457e-04 2.745920565669575635e-03
3.198382497248152684e-02 1.413199897615339921e-02 5.899706991209574059e-04 2.786947838784687662e-03
3.246087436506924634e-02 1.415577806346214607e-02 5.768363921646608300e-04 2.828596375931000367e-03
3.294514358805011867e-02 1.630259247431049136e-02 6.265097389072050906e-04 2.870875531348802360e-03
3.343674035084662904e-02 1.379047085614367243e-02 5.480417747084668448e-04 2.913794804549598317e-03
3.393577399264589151e-02 1.166231989245943533e-02 4.843269329888417671e-04 2.957363842682231899e-03
3.444235550671839036e-02 9.366491971262878510e-03 4.305155410847971058e-04 3.001592442944199957e-03
3.495659756510485772e-02 7.696258370944420238e-03 3.716679386991231021e-04 3.046490555039308573e-03
3.547861454367629008e-02 5.910656787338553972e-03 3.154079604852013806e-04 3.092068283682795470e-03
3.600852254757309912e-02 4.192568461505476879e-03 2.599404763474286867e-04 3.138335891155157823e-03
3.654643943702876735e-02 3.166490029405437390e-03 2.222148130695325292e-04 3.185303799905875918e-03
3.709248485358393466e-02 2.266810516351259672e-03 1.792578741825643306e-04 3.232982595208362762e-03
3.764678024669666084e-02 1.935332481322231965e-03 1.621968137225511227e-04 3.281383027867429848e-03
3.820944890075475553e-02 1.633971226512588755e-03 1.477492503708280715e-04 3.330516016980653807e-03
3.878061596249626763e-02 2.054686483747268384e-03 1.665959756835494021e-04 3.380392652755064703e-03
3.936040846884419908e-02 2.124843548636822996e-03 1.685338895266237267e-04 3.431024199380622655e-03
3.994895537516160444e-02 2.355564370551275957e-03 1.750287749460875848e-04 3.482422097962005903e-03
4.054638758393334236e-02 3.145041809991613174e-03 2.012570823755419221e-04 3.534597969510259400e-03
4.115283797388107068e-02 3.613401680499351339e-03 2.066980280982163318e-04 3.587563617996003540e-03
4.176844142951746663e-02 4.241789070812232963e-03 2.219813779180445702e-04 3.641331033465784218e-03
4.239333487114696486e-02 3.765378454376923454e-03 2.066160252762852848e-04 3.695912395223432956e-03
4.302765728531891126e-02 3.744403289715215674e-03 2.049383232037444976e-04 3.751320075078151857e-03
4.367154975574059905e-02 3.552758698711999327e-03 1.944314421235984291e-04 3.807566640661255459e-03
4.432515549465652904e-02 2.745935786411091324e-03 1.680113158848141027e-04 3.864664858813512786e-03
4.498861987470116619e-02 2.571824085190408012e-03 1.626308411449064464e-04 3.922627699045090621e-03
4.566209046123222148e-02 2.062915332206793559e-03 1.464262461867090772e-04 3.981468337070199169e-03
4.634571704515163398e-02 1.307802790370690390e-03 1.104750937023955761e-04 4.041200158418626308e-03
4.703965167622149723e-02 1.095505038724760034e-03 9.967630116013274672e-05 4.101836762126389105e-03
4.774404869688243791e-02 7.695890098300587441e-04 8.350483825539110395e-05 4.163391964507851851e-03
4.845906477658190603e-02 7.929588642743245997e-04 8.603686576914989451e-05 4.225879803011748335e-03
4.918485894662003727e-02 6.485227238147270225e-04 7.710242328696929935e-05 4.289314540163584669e-03
4.992159263552080339e-02 9.038865476219581007e-04 9.060916777483409110e-05 4.353710667597080267e-03
5.066942970493642368e-02 1.024560206030337853e-03 9.474366933254950657e-05 4.419082910177334934e-03
5.142853648609288508e-02 1.247036567947153477e-03 1.037657349753143943e-04 4.485446230218527106e-03
5.219908181678460657e-02 1.293418002936989148e-03 1.034367062825973928e-04 4.552815831799076653e-03
5.298123707892693490e-02 1.386634157476068297e-03 1.096840447169494651e-04 4.621207165177326250e-03
5.377517623667414648e-02 1.339292230592975226e-03 1.071143244926342107e-04 4.690635931310845573e-03
5.458107587511198261e-02 1.302882631819221506e-03 1.056393823973850881e-04 4.761118086482688146e-03
5.539911523953309352e-02 8.691367061077317005e-04 8.534255631987499745e-05 4.832669847037946234e-03
5.622947627530413411e-02 8.230437232653348579e-04 8.371517727255584074e-05 4.905307694234192079e-03
5.707234366833331685e-02 5.687430866779818756e-04 6.869391809016605309e-05 4.979048379209430157e-03
5.792790488614766448e-02 4.236766692998452559e-04 6.031612368975476472e-05 5.053908928071409838e-03
5.879635021958892066e-02 3.962070781964022442e-04 5.712652914610075774e-05 5.129906647112257925e-03
5.967787282513719455e-02 3.025039181678036964e-04 4.965579799779135247e-05 5.207059128152537186e-03
6.057266876787225501e-02 4.512050589348963383e-04 6.416973184933932449e-05 5.285384254019036450e-03
6.148093706508161310e-02 5.294345804984633853e-04 6.857839441265616020e-05 5.364900204160745305e-03
6.240287973052519033e-02 4.158528612450523550e-04 6.006812114628729866e-05 5.445625460407655521e-03
6.333870181936648858e-02 5.514008270769457350e-04 7.059092719164423589e-05 5.527578812877170095e-03
6.428861147378024665e-02 4.570153216360208371e-04 6.397595909328062129e-05 5.610779366033195707e-03
6.525281996924671424e-02 5.383869350301071248e-04 7.251985889465865725e-05 5.695246544903069010e-03
6.623154176154269490e-02 4.781300024363847032e-04 6.771700046169516470e-05 5.781000101457783695e-03
6.722499453444012729e-02 3.601906627703127853e-04 5.850337401327065001e-05 5.868060121161136275e-03
6.823339924812239776e-02 2.940834656383336599e-04 5.166174784370278195e-05 5.956447029693656518e-03
6.925698018832965319e-02 2.038893362618661562e-04 4.302152810083382216e-05 6.046181599857446132e-03
7.029596501624355009e-02 2.112911960519572548e-04 4.886713794746580606e-05 6.137284958668274767e-03
7.135058481912280592e-02 1.389871807389973118e-04 4.024539488857286214e-05 6.229778594641501889e-03
7.242107416170089074e-02 2.219152637213048500e-04 5.076299572672692787e-05 6.323684365278788543e-03
7.350767113835698918e-02 1.745472300131513149e-04 4.252309654025066677e-05 6.419024504762647215e-03
7.461061742607213998e-02 2.435446173940360398e-04 5.508883910353818379e-05 6.515821631866394910e-03
7.573015833818209919e-02 1.866232231928097391e-04 4.749143331506432082e-05 6.614098758087151760e-03
7.686654287893913973e-02 2.004877874550961179e-04 4.938993257066616829e-05 6.713879296010057465e-03
7.802002379889461103e-02 1.555263382277910858e-04 4.261903528165736290e-05 6.815187067912017484e-03
7.919085765111483211e-02 1.324660011859911672e-04 3.977714962069332598e-05 6.918046314613787891e-03
8.037930484824271082e-02 1.326197957853931467e-04 3.979230869045071822e-05 7.022481704589444637e-03
8.158562972041774608e-02 1.449661852001986903e-04 4.210268292147011798e-05 7.128518343342775572e-03
8.281010057406738845e-02 1.387040389364638677e-05 6.820760498022153775e-06 7.236181783060388617e-03
8.405298975158290165e-02 7.864006211673290594e-05 3.032334557296887227e-05 7.345498032551869838e-03
8.531457369189263118e-02 7.445039422131743544e-05 3.077956020382221889e-05 7.456493567487595779e-03
8.659513299194658564e-02 1.339152755160116109e-04 4.449576106044239587e-05 7.569195340945432393e-03
8.789495246912581994e-02 5.495211474829383232e-05 2.773208340245550269e-05 7.683630794277824388e-03
8.921432122459055369e-02 1.160120816563330352e-04 3.942922962340922679e-05 7.799827868311361677e-03
9.055353270758088879e-02 1.678647090232376817e-04 4.881302927739524785e-05 7.917815014891376249e-03
9.191288478068482259e-02 1.076341259381624794e-04 4.120711092711834837e-05 8.037621208784654497e-03
9.329267978608779543e-02 5.828353024035175229e-05 3.050874695489120284e-05 8.159275959953865218e-03
9.469322461281835801e-02 1.004121298814808689e-04 4.109262105576118622e-05 8.282809326217834348e-03
9.611483076500561273e-02 1.817971463273359439e-05 1.818240115003224222e-05 8.408251926312504398e-03
9.755781443116255669e-02 3.280039774487831779e-05 2.046590359390665625e-05 8.535634953367825933e-03
9.902249655451181298e-02 7.154911590986714229e-05 3.401601517762227570e-05 8.664990188816666314e-03
1.005092029043684887e-01 1.631071750132489243e-05 1.631344033191835591e-05 8.796350016752279774e-03
1.020182641485967850e-01 4.854290288667381594e-05 3.080472437601399079e-05 8.929747438751760649e-03
1.035500159271558890e-01 6.357061627498878005e-05 3.648726028462419464e-05 9.065216089183401188e-03
1.051047989267515775e-01 2.395044759211708971e-05 2.395561549984093116e-05 9.202790251016838147e-03
1.066829589566110209e-01 1.860882131586617669e-05 1.861272277946828582e-05 9.342504872155417070e-03
1.082848470253958001e-01 4.775051286573756497e-05 3.086607221544451324e-05 9.484395582311193687e-03
1.099108194192726234e-01 6.624834410492778621e-05 4.021877264750913774e-05 9.628498710443664926e-03
1.115612377811566747e-01 2.953160587473563817e-05 2.953806828363634153e-05 9.774851302784276150e-03
1.132364691911473265e-01 2.648025429619236688e-05 2.648689724732672295e-05 9.923491141469686222e-03
1.149368862481724568e-01 5.098874162263897012e-06 5.100169480122766555e-06 1.007445676380748154e-02
1.166628671528608663e-01 8.967079699613086924e-06 8.969301208299454073e-06 1.022778748219936237e-02
