1.560229784194099543e-02 7.582197317854452168e-01 6.813373807360763312e-02 1.355776463003741193e-03
1.582942546408099352e-02 7.889160300953396154e-01 6.732301175074603683e-02 1.375643672632185588e-03
1.606007380820220418e-02 7.569853839498410508e-01 5.912580397823350570e-02 1.395816843837326647e-03
1.629429417435170752e-02 7.050634198059544389e-01 4.837566582183706193e-02 1.416300465537644569e-03
1.653213865704969421e-02 8.545304079023789967e-01 6.237654928715969521e-02 1.437099096172022878e-03
1.677366015687627512e-02 7.598501510008560667e-01 5.275408580592606117e-02 1.458217364733829660e-03
1.701891239223756944e-02 8.064206055415023000e-01 5.638139614465011856e-02 1.479659971822092990e-03
1.726794991131366461e-02 7.896454886756341107e-01 5.420889973431742420e-02 1.501431690710059797e-03
1.752082810419116482e-02 7.021605928609069291e-01 4.624307393870664279e-02 1.523537368431448482e-03
1.777760321518292996e-02 6.121534357613916955e-01 3.918079742982335384e-02 1.545981926884684764e-03
1.803833235533785703e-02 4.718559435401206148e-01 2.811591740900495212e-02 1.568770363955451210e-03
1.830307351514341707e-02 4.687732351276258647e-01 2.803473697975617657e-02 1.591907754657866190e-03
1.857188557742378218e-02 3.994018222506014459e-01 2.275367594580125080e-02 1.615399252294615322e-03
1.884482833043643266e-02 3.113262396771218077e-01 1.658846853387813125e-02 1.639250089636391707e-03
1.912196248117011693e-02 2.328358909512177055e-01 1.203723785294722771e-02 1.663465580120965627e-03
1.940334966884718626e-02 1.521768555645915122e-01 7.623558598559768487e-03 1.688051119072264076e-03
1.968905247863323923e-02 1.067071897589793178e-01 5.595390861966336414e-03 1.713012184939812247e-03
1.997913445555718134e-02 8.656630411240218148e-02 4.676048857114981777e-03 1.738354340558907144e-03
2.027366011864472142e-02 5.167642375461970611e-02 3.038613903167920998e-03 1.764083234431916645e-03
2.057269497526859406e-02 4.555873903224277183e-02 2.753918249545666413e-03 1.790204602031088927e-03
2.087630553571848124e-02 3.352120740881770616e-02 2.071775010175713663e-03 1.816724267123281857e-03
2.118455932799409927e-02 4.543071166391748905e-02 2.551992446325969128e-03 1.843648143117019786e-03
2.149752491282457337e-02 4.485033681699240882e-02 2.345808603712745601e-03 1.870982234432304282e-03
2.181527189891754870e-02 5.776719108966768546e-02 2.771793523436211302e-03 1.898732637893626573e-03
2.213787095844134412e-02 6.969142893886645651e-02 3.146468699308944874e-03 1.926905544146604535e-03
2.246539384274368403e-02 7.356815407107500371e-02 3.088483992275716829e-03 1.955507239098730823e-03
2.279791339831041194e-02 8.182065020059227367e-02 3.217063083425711258e-03 1.984544105384690102e-03
2.313550358296780074e-02 7.937007675470167389e-02 3.025685189563490519e-03 2.014022623856720050e-03
2.347823948233200564e-02 7.378839182632371263e-02 2.739905873909017145e-03 2.043949375100554116e-03
2.382619732650944830e-02 7.189510194960684053e-02 2.587525237466253066e-03 2.074331040977405501e-03
2.417945450705163632e-02 7.561772425035122314e-02 2.726759910942749224e-03 2.105174406192555307e-03
2.453808959416837326e-02 6.671499815075759843e-02 2.405501305702985055e-03 2.136486359891085623e-03
2.490218235420309928e-02 5.440301132235098036e-02 2.040226962335086637e-03 2.168273897281286239e-03
2.527181376737427931e-02 4.864523551831174963e-02 1.871859600851890617e-03 2.200544121286342539e-03
2.564706604578675941e-02 3.794328465847776610e-02 1.517990042487768823e-03 2.233304244224870987e-03
2.602802265171713300e-02 2.660884077869921441e-02 1.159349694376369828e-03 2.266561589520911090e-03
2.641476831617716597e-02 2.199795181253090190e-02 1.015981334515764483e-03 2.300323593444017403e-03
2.680738905775936071e-02 1.690666696324921725e-02 8.668702904661156235e-04 2.334597806880052244e-03
2.720597220176897493e-02 1.035714867879729273e-02 6.324019373717686306e-04 2.369391897133395989e-03
2.761060639964659641e-02 7.611322494498393848e-03 5.174312966945336873e-04 2.404713649761199869e-03
2.802138164868574199e-02 5.499502204223039384e-03 4.146722783019311863e-04 2.440570970440431985e-03
2.843838931204974163e-02 5.594163679733960177e-03 4.200704197133767193e-04 2.476971886868397851e-03
2.886172213909239670e-02 5.929558668502731174e-03 4.279162799305429119e-04 2.513924550697507840e-03
2.929147428598704098e-02 6.503079498480210385e-03 4.388717711925612741e-04 2.551437239505053092e-03
2.972774133666844162e-02 9.245645168094208943e-03 5.249366580085124134e-04 2.589518358798773533e-03
3.017062032409219621e-02 1.060780783420988208e-02 5.483939865724562091e-04 2.628176444059034632e-03
3.062020975181651769e-02 1.303268793832950204e-02 6.118915336433177268e-04 2.667420162818469418e-03
3.107660961591107024e-02 1.417926419334531243e-02 6.203570914027800760e-04 2.707258316779937064e-03
3.153992142719772712e-02 1.577757609198881389e-02 6.507159445148773952e-04 2.747699843973702705e-03
3.201024823382832285e-02 1.600235511758715118e-02 6.357370457917347045e-04 2.788753820954757452e-03
3.248769464420415976e-02 1.530909593980846022e-02 6.027870480871005184e-04 2.830429465041230976e-03
3.297236685024272640e-02 1.370812534673604595e-02 5.619350713167844610e-04 2.872736136594912764e-03
3.346437265099656833e-02 1.270831400894537749e-02 5.223579374128195551e-04 2.915683341344842659e-03
3.396382147662953266e-02 1.182380509767019805e-02 4.857275145103191489e-04 2.959280732755073095e-03
3.447082441275581277e-02 1.015676704409714144e-02 4.476590906556184198e-04 3.003538114437661645e-03
3.498549422514731638e-02 7.520872399168471341e-03 3.673053528370174236e-04 3.048465442612031864e-03
3.550794538481456125e-02 5.056639113662336413e-03 2.890169677194297758e-04 3.094072828611843431e-03
3.603829409346692714e-02 4.280953780046985874e-03 2.632959558103952196e-04 3.140370541440597619e-03
3.657665830935789147e-02 3.099601480319070981e-03 2.206172861618573857e-04 3.187369010377189352e-03
3.712315777352084151e-02 2.200026447299644698e-03 1.786394192171311646e-04 3.235078827632709066e-03
3.767791403640143727e-02 1.561333918362258020e-03 1.470786720437964842e-04 3.283510751059808865e-03
3.824105048489250674e-02 1.574336431656547276e-03 1.459925352153454122e-04 3.332675706916015529e-03
3.881269236977725329e-02 1.759656884484183227e-03 1.537322491039960954e-04 3.382584792682403769e-03
3.939296683358713136e-02 2.171898856201810637e-03 1.708851453839452402e-04 3.433249279939093370e-03
3.998200293888042739e-02 2.780110486591295168e-03 1.911219135992186992e-04 3.484680617299120223e-03
4.057993169694792263e-02 3.720383967938883409e-03 2.201146523685494399e-04 3.536890433402207351e-03
4.118688609695191766e-02 3.788376264123637007e-03 2.118286070373639302e-04 3.589890539970130769e-03
4.180300113550523833e-02 3.886022113541326775e-03 2.117391115801551496e-04 3.643692934925305167e-03
4.242841384669672478e-02 3.479190795897541075e-03 1.985657409276883373e-04 3.698309805574404811e-03
4.306326333256980943e-02 3.746308872508747820e-03 2.059276121714299305e-04 3.753753531858776936e-03
4.370769079406115754e-02 3.166696214279311836e-03 1.829283322649657929e-04 3.810036689673559299e-03
4.436183956240607323e-02 2.855140915085965705e-03 1.736264028864834734e-04 3.867172054257460821e-03
4.502585513101765163e-02 2.268785343264104366e-03 1.535551697865707242e-04 3.925172603655193750e-03
4.569988518784699749e-02 1.888686348565070568e-03 1.394212193930224723e-04 3.984051522254681947e-03
4.638407964823140772e-02 1.249405389803064700e-03 1.079070129095787561e-04 4.043822204401200694e-03
4.707859068823801174e-02 9.210982402018402663e-04 9.099271179720177247e-05 4.104498258090714426e-03
4.778357277851025958e-02 7.971146274324098727e-04 8.492824972412084178e-05 4.166093508744739098e-03
4.849918271862462688e-02 7.609823227190768303e-04 8.329617202082347210e-05 4.228622003069177314e-03
4.922557967196559275e-02 8.036330150846981340e-04 8.551323827410054314e-05 4.292098012999615540e-03
4.996292520112600305e-02 9.731755633467880067e-04 9.333003485125495474e-05 4.356536039735710644e-03
5.071138330384138138e-02 1.220819895899911923e-03 1.037158696905932152e-04 4.421950817867403155e-03
5.147112044946569598e-02 1.263767025597037786e-03 1.039000420433681271e-04 4.488357319595718056e-03
5.224230561599676331e-02 1.388962778818231356e-03 1.072681693401711888e-04 4.555770759051130762e-03
5.302511032765990645e-02 1.566649686994435117e-03 1.171876803275109758e-04 4.624206596712518436e-03
5.381970869305763294e-02 1.078540051036928167e-03 9.535353014853824869e-05 4.693680543929832152e-03
5.462627744389426943e-02 9.720120952586108580e-04 8.907204881897738810e-05 4.764208567553804112e-03
5.544499597428404619e-02 9.459752772714760108e-04 8.896819791797244941e-05 4.835806894676055248e-03
5.627604638065123593e-02 6.370762607038654886e-04 7.178616296398192904e-05 4.908492017483162898e-03
5.711961350223138806e-02 6.290823488356250912e-04 7.219211967994251333e-05 4.982280698228375680e-03
5.797588496218266524e-02 4.426884917687136964e-04 6.067223140785887620e-05 5.057189974324757288e-03
5.884505120931623340e-02 4.390134608408438719e-04 6.011395701964180954e-05 5.133237163563768128e-03
5.972730556045529465e-02 4.818240465603024886e-04 6.457195464043400703e-05 5.210439869463398717e-03
6.062284424343179073e-02 3.748671403321740775e-04 5.792010271821607510e-05 5.288815986750120511e-03
6.153186644073085909e-02 3.862926999863718655e-04 5.879896748328806543e-05 5.368383706979169660e-03
6.245457433379214551e-02 4.923021786194588679e-04 6.590975143079773454e-05 5.449161524297752024e-03
6.339117314797831915e-02 6.276629656431091707e-04 7.346680813872585121e-05 5.531168241356011935e-03
6.434187119822060152e-02 5.600326360841933679e-04 6.859819220295488250e-05 5.614422975370793670e-03
6.530687993535135016e-02 4.072308310735072833e-04 6.030876273605781813e-05 5.698945164347378120e-03
6.628641399313429938e-02 4.898805692616706176e-04 6.980779404718677190e-05 5.784754573464684184e-03
6.728069123600247115e-02 3.457365140681947758e-04 5.704202363072067840e-05 5.871871301629492078e-03
6.828993280751496919e-02 2.126155070264589681e-04 4.301598705151386782e-05 5.960315788205660346e-03
6.931436317954277337e-02 2.550867788436829236e-04 5.142659332053938572e-05 6.050108819924356930e-03
7.035421020219510824e-02 2.230240928367403818e-04 4.951183447686067287e-05 6.141271537981749656e-03
7.140970515449700240e-02 1.990082908995771346e-04 4.846391380523977667e-05 6.233825445330680448e-03
7.248108279582943236e-02 2.063415660782871863e-04 4.853848476096299445e-05 6.327792414173293370e-03
7.356858141814383301e-02 2.180259481769327486e-04 4.955915339382261850e-05 6.423194693661714132e-03
7.467244289896196596e-02 3.472256137699673557e-04 6.624616487706862472e-05 6.520054917814294138e-03
7.579291275517362203e-02 1.211214791513138080e-04 3.730885905962176048e-05 6.618396113655133396e-03
7.693024019764338473e-02 4.404648638718418211e-05 2.145881901925904631e-05 6.718241709584973909e-03
7.808467818663948623e-02 1.540330356030870549e-04 4.352073613441447599e-05 6.819615543991912505e-03
7.925648348809599675e-02 1.197590130279320756e-04 3.888942486277275034e-05 6.922541874110587669e-03
8.044591673072211402e-02 1.770275513690613403e-04 4.616995718157970903e-05 7.027045385139064730e-03
8.165324246397001606e-02 1.298941829237791514e-04 3.809084295728219272e-05 7.133151199622828585e-03
8.287872921687505778e-02 1.357046047727258496e-04 4.231776325767609150e-05 7.240884887115760574e-03
8.412264955778114839e-02 1.329557309708204974e-04 4.093682217884746043e-05 7.350272474128424598e-03
8.538528015496432699e-02 7.445039422131740834e-05 3.077956020382221889e-05 7.461340454374286793e-03
8.666690183816813664e-02 4.397730728858214889e-05 2.299155122707675772e-05 7.574115799325069863e-03
8.796779966106517412e-02 8.900675159203995563e-05 3.279680632694466900e-05 7.688625969086837833e-03
8.928826296465733336e-02 5.671427469492727237e-05 2.336082777444774858e-05 7.804898923608808575e-03
9.062858544163024388e-02 6.299532106164152225e-05 2.880710093137046676e-05 7.922963134237560184e-03
9.198906520167515755e-02 5.271087035777341007e-05 2.913769688289256102e-05 8.042847595629634694e-03
9.337000483779352156e-02 7.370776771637089402e-05 3.513604203442557917e-05 8.164581838036226100e-03
9.477171149359858715e-02 8.314316166017455894e-05 3.432625822515904555e-05 8.288195939974075943e-03
9.619449693162922255e-02 1.008062896863722989e-04 3.834864300150890283e-05 8.413720541297377981e-03
9.763867760269100138e-02 7.581799144692643840e-05 3.419130162837898319e-05 8.541186856686056386e-03
9.910457471624001258e-02 5.614473678065505768e-05 3.031783027242606539e-05 8.670626689566406434e-03
1.005925143118251430e-01 4.594743308551870641e-05 2.751141268297901824e-05 8.802072446480737125e-03
1.021028273316046536e-01 1.428774310624463114e-04 5.430066916300108429e-05 8.935557151923427185e-03
1.036358496939530360e-01 4.577784424679997059e-05 3.238242050386959506e-05 9.071114463661308913e-03
1.067713914503420347e-01 9.396515988387039726e-05 4.735873921240555068e-05 9.348584798916996855e-03
1.083746082402708283e-01 8.563230211627678886e-05 4.604622717130935772e-05 9.490568449377638841e-03
1.100019293196572850e-01 2.713115063096198994e-05 2.713636075004035016e-05 9.634765994362411851e-03
1.116537166313863877e-01 2.953160587473563817e-05 2.953806828363634153e-05 9.781214506120225471e-03
1.133303375600344248e-01 5.296050859238473377e-05 3.746752150836438476e-05 9.929951793375170477e-03
1.150321650135809476e-01 9.762866148082182619e-05 5.247183678779375986e-05 1.008101642060893650e-02
1.167595775063500346e-01 1.571800169326571022e-05 1.572189567865043319e-05 1.023444772800132310e-02
