1.558909429149108079e-02 7.891061575422784191e-01 7.075328988546221443e-02 1.354871681594458721e-03
1.581602352349447196e-02 8.723194433300407447e-01 7.405444139972182371e-02 1.374725389484302918e-03
1.604647049666933431e-02 8.230871372256056695e-01 6.400975489762716908e-02 1.394884854861454075e-03
1.628048646627448109e-02 6.926862944409116762e-01 4.758354291149954896e-02 1.415354563587665213e-03
1.651812348136888486e-02 8.381892850530742178e-01 6.124865389746789179e-02 1.436139070998784014e-03
1.675943439638840834e-02 7.843266167965903257e-01 5.438267804797798644e-02 1.457243002938113938e-03
1.700447288290159870e-02 8.423069758113520544e-01 5.878964220452467110e-02 1.478671056806855205e-03
1.725329344154723915e-02 8.605263268709162361e-01 5.888423526659648105e-02 1.500428002631917519e-03
1.750595141415631217e-02 7.705673543732931563e-01 5.056011872652429323e-02 1.522518684151417208e-03
1.776250299606104560e-02 6.689369294860521009e-01 4.265579724842717690e-02 1.544948019918145239e-03
1.802300524859374448e-02 5.544125660308422132e-01 3.276936133990060451e-02 1.567721004421330491e-03
1.828751611177830555e-02 5.683920480525928021e-01 3.364436984845687456e-02 1.590842709227028315e-03
1.855609441721711717e-02 5.046525997200902447e-01 2.831856315961968698e-02 1.614318284137443178e-03
1.882879990117625538e-02 3.878877670233649710e-01 2.029168479459664970e-02 1.638152958369545973e-03
1.910569321787191494e-02 3.296194338413783176e-01 1.644193419972064113e-02 1.662352041753311933e-03
1.938683595296094783e-02 2.197175807269107495e-01 1.042349437624068113e-02 1.686920925949950134e-03
1.967229063723867355e-02 1.836680353020853085e-01 8.734373799283717474e-03 1.711865085690483703e-03
1.996212076054676085e-02 1.365630055372620555e-01 6.678100128819905446e-03 1.737190080035043264e-03
2.025639078589453607e-02 8.951346911746736745e-02 4.519863771113191361e-03 1.762901553653278917e-03
2.055516616379664957e-02 6.475553963756279507e-02 3.515098218952727831e-03 1.789005238126257190e-03
2.085851334683045538e-02 4.367776714460189225e-02 2.462976982923780530e-03 1.815506953270272983e-03
2.116649980441617090e-02 3.756848215058160301e-02 2.251431653630564089e-03 1.842412608482964405e-03
2.147919403782326889e-02 2.859602932502256292e-02 1.756781694510657328e-03 1.869728204112169846e-03
2.179666559540637677e-02 3.218098081429413004e-02 1.890920676784278720e-03 1.897459832847971572e-03
2.211898508807396552e-02 4.172701457589220869e-02 2.228822125967404137e-03 1.925613681138342841e-03
2.244622420499348472e-02 5.231932918990786496e-02 2.441183701242289478e-03 1.954196030628890541e-03
2.277845572953622957e-02 6.208728139640293936e-02 2.645874257244657315e-03 1.983213259627151972e-03
2.311575355546563112e-02 6.806765614312822177e-02 2.716682465312502282e-03 2.012671844591912632e-03
2.345819270337244633e-02 6.437455524986190891e-02 2.490089488660526991e-03 2.042578361648091870e-03
2.380584933736070233e-02 6.472256623009933763e-02 2.404893043470942085e-03 2.072939488127647882e-03
2.415880078198778813e-02 6.708978198955956040e-02 2.507836927814115300e-03 2.103762004137068632e-03
2.451712553946280501e-02 6.387528355799164392e-02 2.334655461163554976e-03 2.135052794151985189e-03
2.488090330710679074e-02 5.865298674687536434e-02 2.148399656819965659e-03 2.166818848639448687e-03
2.525021499507870346e-02 5.203678958372502661e-02 1.959420292784648000e-03 2.199067265708449896e-03
2.562514274437125913e-02 4.415633005848817322e-02 1.676173841689323259e-03 2.231805252789283329e-03
2.600576994508043902e-02 3.394352085532737623e-02 1.352051396194821906e-03 2.265040128342335306e-03
2.639218125495286504e-02 2.594376942740872494e-02 1.126632624215557089e-03 2.298779323596951245e-03
2.678446261821508523e-02 2.095044395497053583e-02 9.862199047863454398e-04 2.333030384320985019e-03
2.718270128468905020e-02 1.575317824332496397e-02 8.041416448829227489e-04 2.367800972621739424e-03
2.758698582919787493e-02 1.101492268750654813e-02 6.412270224794952263e-04 2.403098868778922714e-03
2.799740617126642364e-02 6.906065094872837311e-03 4.704461574492479364e-04 2.438931973110381856e-03
2.841405359512088474e-02 5.198909387744364216e-03 4.005139786848235231e-04 2.475308307871274330e-03
2.883702076999187722e-02 4.274168659122137143e-03 3.571436081828121959e-04 2.512236019187471213e-03
2.926640177072568558e-02 4.531152933915044353e-03 3.626188778632554940e-04 2.549723379023935334e-03
2.970229209870807810e-02 5.646124706069010311e-03 4.026869568442427005e-04 2.587778787188869858e-03
3.014478870310532965e-02 7.386754461774714536e-03 4.485722254207719474e-04 2.626410773374439605e-03
3.059399000242740696e-02 9.468432164267551535e-03 5.099460508852786834e-04 2.665627999234941158e-03
3.104999590641783352e-02 1.062755756781048194e-02 5.258851369549129295e-04 2.705439260503247033e-03
3.151290783827528919e-02 1.252750894128953039e-02 5.718440796622381323e-04 2.745853489146450697e-03
3.198282875721184665e-02 1.398548309192360756e-02 5.889375653256195310e-04 2.786879755561614928e-03
3.245986318135274384e-02 1.472498134886252551e-02 5.886513546195706187e-04 2.828527270812590186e-03
3.294411721098297607e-02 1.442794753430187531e-02 5.790942609213818809e-04 2.870805388908893082e-03
3.343569855214577335e-02 1.431699263536711543e-02 5.589439838784168941e-04 2.913723609127635492e-03
3.393471654059820181e-02 1.247019587845435602e-02 5.008106650128053188e-04 2.957291578379582855e-03
3.444128216612921123e-02 1.159437357615392301e-02 4.854452118797053886e-04 3.001519093620414174e-03
3.495550809724564528e-02 9.581740038101752704e-03 4.213171460426010724e-04 3.046416104308302588e-03
3.547750870623154335e-02 8.085211824695105742e-03 3.742998584616965608e-04 3.091992714908981844e-03
3.600740009458643781e-02 6.154094951247586487e-03 3.195940908625052130e-04 3.138259187449497344e-03
3.654530011884825347e-02 4.836983017052606283e-03 2.800056823254059744e-04 3.185225944121871690e-03
3.709132841680654047e-02 3.408423354425738593e-03 2.224364707852119851e-04 3.232903569937974932e-03
3.764560643411189733e-02 2.197178958523955672e-03 1.734296090435428486e-04 3.281302815436924845e-03
3.820825745128745426e-02 1.952800936614663627e-03 1.634850059502429543e-04 3.330434599446373788e-03
3.877940661114854387e-02 1.663365928580509126e-03 1.495366715950344671e-04 3.380310011899132373e-03
3.935918094663648503e-02 1.894250039924887281e-03 1.593699470423771351e-04 3.430940316706558059e-03
3.994770940907284990e-02 1.924744514070335063e-03 1.579921778962743186e-04 3.482336954690275124e-03
4.054512289684027160e-02 2.708101387273193633e-03 1.862201227831856531e-04 3.534511546573736087e-03
4.115155428449653735e-02 3.110812234946193702e-03 1.904390476366015156e-04 3.587475896035352378e-03
4.176713845232791350e-02 2.944819227086910036e-03 1.810110476221928836e-04 3.641241992824757225e-03
4.239201231634890515e-02 3.459489555075375474e-03 1.982625594386115588e-04 3.695822015944087279e-03
4.302631485875448719e-02 4.071013603297501428e-03 2.155727167457228337e-04 3.751228336895970437e-03
4.367018715883214108e-02 3.740917282644190024e-03 2.005938600802985620e-04 3.807473523000186148e-03
4.432377242434013681e-02 3.562969484771814736e-03 1.947595828029065172e-04 3.864570340780909465e-03
4.498721602335933878e-02 2.887638819670731993e-03 1.738581281182725706e-04 3.922531759426564971e-03
4.566066551662541911e-02 2.549572813113548230e-03 1.624621522858013642e-04 3.981370954324377036e-03
4.634427069034879887e-02 2.277183747628960375e-03 1.469408326740335102e-04 4.041101310671795649e-03
4.703818358952963075e-02 1.661035291392041081e-03 1.222665603820852426e-04 4.101736427167062063e-03
4.774255855177497732e-02 1.258178513139868908e-03 1.068248588982922297e-04 4.163290119781206701e-03
4.845755224162615754e-02 9.684352908096171848e-04 9.402160252961611194e-05 4.225776425613982090e-03
4.918332368540343641e-02 6.876317441243266814e-04 7.904582248876353828e-05 4.289209606836144259e-03
4.992003430657610680e-02 6.128193982018807729e-04 7.445575097450098676e-05 4.353604154720789633e-03
5.066784796166572125e-02 7.105175942198997674e-04 7.870231075339691185e-05 4.418974793766398956e-03
5.142693097669054358e-02 9.544295011335013606e-04 9.016871952814532547e-05 4.485336485914428843e-03
5.219745218415901972e-02 1.047635984622349902e-03 9.259266930679302334e-05 4.552704434864348823e-03
5.297958296062107303e-02 1.293113433746046924e-03 1.062054952046443166e-04 4.621094090489194332e-03
5.377349726478498904e-02 1.178610759722575072e-03 9.990237124250511420e-05 4.690521153354759026e-03
5.457937167620866697e-02 1.213620476589347954e-03 1.009022883544389361e-04 4.761001579345704171e-03
5.539738543457387726e-02 1.226591843837700636e-03 1.020963868916383618e-04 4.832551584401992111e-03
5.622772047955199026e-02 1.059048031943261772e-03 9.584484551365226907e-05 4.905187649369176575e-03
5.707056149127050226e-02 6.592448047175001203e-04 7.486874506511754168e-05 4.978926524966234383e-03
5.792609593138880325e-02 5.808366633973696376e-04 6.959624362684898962e-05 5.053785236874715897e-03
5.879451408479280383e-02 5.240341788895843973e-04 6.638648788896807449e-05 5.129781090953234451e-03
5.967600910191735164e-02 3.959071182306860134e-04 5.850412552339771398e-05 5.206931678581371362e-03
6.057077704170609617e-02 4.154362142106258387e-04 6.119150128541000935e-05 5.285254882137309027e-03
6.147901691521823198e-02 3.466700487578530470e-04 5.486375912232829084e-05 5.364768880613646033e-03
6.240093072989177231e-02 3.974842109446767970e-04 5.909652627473057284e-05 5.445492155376024240e-03
6.333672353447333814e-02 3.866834779773912524e-04 5.715538085792168144e-05 5.527443496069377356e-03
6.428660346462437836e-02 4.449982428892010995e-04 6.259299468550434578e-05 5.610642006676836921e-03
6.525078178921397964e-02 4.911165839347393126e-04 6.919435956610571936e-05 5.695107111736485983e-03
6.622947295730845230e-02 5.036939794455332943e-04 6.959025884152621861e-05 5.780858562721390148e-03
6.722289464586837793e-02 3.581087362872634118e-04 5.680522395488651210e-05 5.867916444588556872e-03
6.823126780816352044e-02 3.802834697362455921e-04 6.099861402457281952e-05 5.956301182502669878e-03
6.925481672291645963e-02 3.763385766540818401e-04 6.324811728074487751e-05 6.046033548740717065e-03
7.029376904418584149e-02 2.425058298760893530e-04 5.172853014927504886e-05 6.137134669783879219e-03
7.134835585200043073e-02 1.579574153776792662e-04 4.395740513138801772e-05 6.229626033603236773e-03
7.241881170375499832e-02 1.144849926766593889e-04 3.477432284263260121e-05 6.323529497146253460e-03
7.350537468637986793e-02 1.118293251931851135e-04 3.292749965304989676e-05 6.418867294031102393e-03
7.460828646929519581e-02 2.481421003224472052e-04 5.593948742185895866e-05 6.515662042456373676e-03
7.572779235816236298e-02 2.542624050466830966e-04 5.443556341323573981e-05 6.613936753333837966e-03
7.686414134944385967e-02 2.370125951848372743e-04 5.261687469776709015e-05 6.713714838652394025e-03
7.801758618578427673e-02 2.334285536389765032e-04 5.325297622162943094e-05 6.815020120081573783e-03
7.918838341222428356e-02 2.905656467097705951e-04 6.174770150440503803e-05 6.917876837823336636e-03
8.037679343326067927e-02 1.665498769994751239e-04 4.462902972249067939e-05 7.022309659721281960e-03
8.158308057076439634e-02 2.114731295092928294e-04 5.207588290860055145e-05 7.128343690636739297e-03
8.280751312277001563e-02 8.992917421080680372e-05 3.381896674466308933e-05 7.236004482101579885e-03
8.405036342314994857e-02 1.274428745288905653e-04 3.739997494536104129e-05 7.345318042258078099e-03
8.531190790218558251e-02 1.117167540992310701e-04 3.638199144191052627e-05 7.456310846096397653e-03
8.659242714805009955e-02 1.016063856723919609e-04 3.863549397745739370e-05 7.569009846000969606e-03
8.789220596921587525e-02 1.320851295826931204e-04 4.305682567103444168e-05 7.683442482617239971e-03
8.921153345780055699e-02 1.012292080245563779e-04 3.464532731043503305e-05 7.799636696050889217e-03
9.055070305386576923e-02 1.042719672588900674e-04 3.690341771498623292e-05 7.917620937412061383e-03
9.191001261068326711e-02 1.052721894175956538e-04 4.116563128958902724e-05 8.037424180717716443e-03
9.328976446098206921e-02 1.090560198132171552e-04 4.304191390012830724e-05 8.159075935165654991e-03
9.469026548419239020e-02 7.348135428852996080e-05 3.388493029916739540e-05 8.282606257794405263e-03
9.611182717470063974e-02 3.391836858416952933e-05 2.143493486697981427e-05 8.408045766543758431e-03
9.755476571113089190e-02 3.793958106685816701e-05 2.418752053244703818e-05 8.535425653731247217e-03
9.901940202666814628e-02 4.077322736495085219e-05 2.612475445612819601e-05 8.664777699960603610e-03
1.005060618804391043e-01 3.769040688488292342e-05 2.689743270589625373e-05 8.796134288478755364e-03
1.020150759299664478e-01 4.591786944980671422e-05 3.071281031786574490e-05 8.929528419998826461e-03
1.035467798047125104e-01 4.353646556301522748e-05 3.048289119305069207e-05 9.064993728006998791e-03
1.051015141807285225e-01 2.396977104424468413e-05 2.397494315201560789e-05 9.202564494572143539e-03
1.066796248564268607e-01 3.724767018478455097e-05 2.634912298953679964e-05 9.342275666677647694e-03
1.082814628294920395e-01 3.992533465686141464e-05 2.801719724704603104e-05 9.484162873095900240e-03
1.099073843749486107e-01 6.377438214826919522e-05 3.957001598722730495e-05 9.628262441826426418e-03
1.115577511244022491e-01 7.836027794574240571e-05 4.604644134353584053e-05 9.774611418119819040e-03
1.149332940284364113e-01 3.414439951434120957e-05 3.415307360018773550e-05 1.007420947308131087e-02
