1.558590403974506600e-02 7.713326602367017726e-01 6.927589156675538484e-02 1.354653091943741399e-03
1.581278533657554455e-02 8.363440982917844657e-01 7.115035735885075208e-02 1.374503537925686426e-03
1.604318365435200913e-02 8.315101399790677528e-01 6.462820852571286856e-02 1.394659692088237547e-03
1.627715023751149723e-02 6.983857220770541829e-01 4.794676603593445163e-02 1.415126039554665807e-03
1.651473712412861866e-02 8.411522862180815796e-01 6.145552727324364584e-02 1.435907134911149899e-03
1.675599715748982144e-02 7.406414761220514453e-01 5.148755611715614272e-02 1.457007603239961419e-03
1.700098399784672268e-02 8.038580186745389877e-01 5.620593590420099733e-02 1.478432141169729996e-03
1.724975213435114493e-02 7.724360689933864599e-01 5.306527170956620160e-02 1.500185517943075381e-03
1.750235689717451193e-02 6.908893602365634434e-01 4.553055169850938472e-02 1.522272576501922450e-03
1.775885446981430305e-02 6.261582633768714157e-01 4.004512208838622439e-02 1.544698234590780343e-03
1.801930190159027959e-02 4.905975523620321743e-01 2.917829546289430614e-02 1.567467485878322941e-03
1.828375712033327924e-02 4.803181708999565980e-01 2.868702134475936000e-02 1.590585401097579024e-03
1.855227894526945143e-02 3.886654763689490477e-01 2.218534014029785104e-02 1.614057129205063003e-03
1.882492710010266745e-02 3.066113156606358747e-01 1.635742098634088842e-02 1.637887898559194262e-03
1.910176222629817247e-02 2.162130743805979194e-01 1.127332432973723007e-02 1.662083018118332318e-03
1.938284589657029988e-02 1.493129562438491320e-01 7.506209677544208037e-03 1.686647878658801419e-03
1.966824062857736033e-02 1.095280588543804806e-01 5.710713940723948466e-03 1.711587954013261493e-03
1.995800989882666118e-02 7.819737013546536331e-02 4.322666534070359300e-03 1.736908802329793647e-03
2.025221815679279294e-02 5.502450929679063296e-02 3.177985515164873358e-03 1.762616067352091188e-03
2.055093083925232586e-02 4.345599495419179281e-02 2.669559662185560893e-03 1.788715479721141033e-03
2.085421438483809828e-02 3.875970608193505390e-02 2.279888967623610457e-03 1.815212858298811006e-03
2.116213624881633018e-02 4.552645185847631337e-02 2.551745213303803668e-03 1.842114111513740247e-03
2.147476491808979898e-02 5.049306285974727859e-02 2.539032122829381309e-03 1.869425238729962744e-03
2.179216992643058515e-02 6.210979061880794738e-02 2.913175198712395116e-03 1.897152331638718914e-03
2.211442186994551015e-02 7.128999497032179056e-02 3.198091842122770083e-03 1.925301575673861150e-03
2.244159242277797561e-02 7.649089047491471061e-02 3.179848459282309543e-03 1.953879251451357511e-03
2.277375435304951692e-02 8.137345653583426264e-02 3.210702081013297807e-03 1.982891736233339565e-03
2.311098153904462410e-02 8.385299643864027597e-02 3.155018917737024715e-03 2.012345505417165170e-03
2.345334898564258030e-02 7.934548062739646412e-02 2.887560552819086902e-03 2.042247134050055417e-03
2.380093284099986731e-02 7.710023143063553241e-02 2.722572968119165923e-03 2.072603298369735288e-03
2.415381041348670099e-02 8.041518340155778821e-02 2.852318169687692237e-03 2.103420777371655271e-03
2.451206018888181168e-02 6.223726410873766518e-02 2.293002238290759668e-03 2.134706454403344483e-03
2.487576184782897687e-02 5.888227685929910832e-02 2.153476829729596316e-03 2.166467318786403137e-03
2.524499628355933445e-02 4.840473040824202350e-02 1.867632473303804282e-03 2.198710467466749325e-03
2.561984561988343498e-02 3.952374269011033059e-02 1.561135543242554843e-03 2.231443106693693865e-03
2.600039322945691886e-02 2.879192687053821684e-02 1.222115463652341527e-03 2.264672553728440396e-03
2.638672375232403375e-02 2.191668554065871397e-02 1.016883997920121213e-03 2.298406238582657336e-03
2.677892311474297862e-02 1.547696496873196374e-02 8.235731769574535432e-04 2.332651705787724961e-03
2.717707854829735231e-02 1.018638656542724188e-02 6.277251170837287644e-04 2.367416616195367959e-03
2.758127860929791147e-02 7.346058951328663343e-03 5.086510234294271734e-04 2.402708748810304055e-03
2.799161319847899565e-02 6.002800437111405207e-03 4.367110005865945210e-04 2.438536002655652870e-03
2.840817358099394577e-02 5.464209401990835838e-03 4.135345639169691256e-04 2.474906398671790266e-03
2.883105240671396050e-02 5.938892136947353934e-03 4.257556398760077489e-04 2.511828081649413597e-03
2.926034373083501519e-02 7.851628663737061226e-03 4.858771103046705185e-04 2.549309322197587224e-03
2.969614303479733639e-02 1.043034911874093397e-02 5.635381435433051015e-04 2.587358518747547628e-03
3.013854724752194902e-02 1.150309200914812445e-02 5.763470241840239813e-04 2.625984199593069546e-03
3.058765476696940003e-02 1.280232989138184972e-02 6.051334222365399975e-04 2.665195024968285229e-03
3.104356548202502272e-02 1.392468123977370735e-02 6.120957160471778230e-04 2.704999789163759546e-03
3.150638079471593245e-02 1.599111219948458340e-02 6.537904211681443188e-04 2.745407422681767247e-03
3.197620364276450994e-02 1.579448276490928726e-02 6.292572669024367122e-04 2.786426994431660548e-03
3.245313852248340319e-02 1.468559303142987459e-02 5.889731732019358804e-04 2.828067713966294153e-03
3.293729151201729710e-02 1.454074186887872357e-02 5.853577988401377019e-04 2.870338933760523386e-03
3.342877029493646068e-02 1.177326065443175425e-02 5.004107375078955351e-04 2.913250151532717405e-03
3.392768418418731086e-02 1.026338925682363998e-02 4.496945164205503600e-04 2.956811012610412008e-03
3.443414414640542931e-02 1.006164717438365157e-02 4.492472206422554464e-04 3.001031312341151131e-03
3.494826282659641015e-02 7.129823989561696884e-03 3.573286629032222422e-04 3.045920998549635043e-03
3.547015457318992288e-02 5.431207706778778260e-03 2.996566120690653855e-04 3.091490174042354003e-03
3.599993546347272921e-02 3.913258658489099373e-03 2.484088850176359832e-04 3.137749099160889576e-03
3.653772332940614931e-02 2.562284766168692468e-03 1.985329623002325434e-04 3.184708194385119616e-03
3.708363778383388931e-02 2.126392092920833740e-03 1.739741687209872935e-04 3.232378042987634013e-03
3.763780024708588551e-02 2.052673624084331173e-03 1.692547278124008716e-04 3.280769393740646210e-03
3.820033397398413938e-02 1.818610985831339323e-03 1.574059347849929302e-04 3.329893163676801281e-03
3.877136408125671230e-02 1.938094975948815701e-03 1.616041066695631900e-04 3.379760440905299566e-03
3.935101757536568073e-02 2.457947439830440554e-03 1.820265808851418354e-04 3.430382487484774385e-03
3.993942338075548437e-02 3.128656725474202038e-03 2.031764744319304085e-04 3.481770742354495067e-03
4.053671236852785659e-02 3.455580642795394366e-03 2.120274693892107898e-04 3.533936824325396679e-03
4.114301738554970722e-02 4.232841351808382981e-03 2.233618324859024432e-04 3.586892535132660785e-03
4.175847328400042469e-02 4.364942209426958541e-03 2.219629662860448315e-04 3.640649862551433198e-03
4.238321695136528650e-02 4.020077654158980829e-03 2.134575681809602204e-04 3.695220983577522742e-03
4.301738734088141752e-02 3.754345836773166460e-03 2.072574345258237135e-04 3.750618267674820077e-03
4.366112550244329732e-02 3.316334628687547109e-03 1.890005814502721936e-04 3.806854280091346958e-03
4.431457461397461661e-02 2.834167369530116859e-03 1.715186715193401138e-04 3.863941785245904835e-03
4.497788001327334556e-02 2.666517810526085244e-03 1.665253580343362236e-04 3.921893750187290840e-03
4.565118923033727877e-02 1.664766295628276665e-03 1.310115861735357322e-04 3.980723348128214871e-03
4.633465202017712087e-02 1.146376746886399248e-03 1.029330983297457386e-04 4.040443962056070558e-03
4.702842039612448871e-02 1.101480778934119196e-03 9.990160319855867911e-05 4.101069188422822205e-03
4.773264866364213682e-02 8.768323654599286194e-04 8.884519053129497231e-05 4.162612840916322249e-03
4.844749345464405277e-02 7.459372278407417267e-04 8.223626859314138394e-05 4.225088954315531220e-03
4.917311376233295811e-02 7.564139165328948771e-04 8.323065272363813403e-05 4.288511788432080099e-03
4.990967097656300727e-02 9.209322763240145168e-04 9.111461591670271269e-05 4.352895832140863883e-03
5.065732891973553226e-02 1.062096650810694619e-03 9.654621583910333825e-05 4.418255807502328297e-03
5.141625388323589618e-02 1.327681987762519174e-03 1.073033376622367527e-04 4.484606673979272054e-03
5.218661466441933128e-02 1.420393895575038654e-03 1.096925966083219829e-04 4.551963632751095459e-03
5.296858260415429620e-02 1.241462756409539856e-03 1.039466623526846053e-04 4.620342131128522475e-03
5.376233162493151974e-02 1.078774700463121109e-03 9.567754964698376937e-05 4.689757867071948222e-03
5.456803826954718245e-02 9.623609347774301527e-04 8.929616089229896179e-05 4.760226793816694016e-03
5.538588174036893075e-02 8.823977122902676093e-04 8.625916926815992895e-05 4.831765124608541385e-03
5.621604393919345244e-02 8.318157249112262787e-04 8.464417652071945335e-05 4.904389337553113383e-03
5.705870950770437766e-02 5.888144942231808305e-04 7.056217736031640845e-05 4.978116180582766066e-03
5.791406586853966448e-02 5.877063680511488168e-04 7.160021894483398891e-05 5.052962676544776183e-03
5.878230326697746200e-02 3.442504000638002223e-04 5.316186973086014768e-05 5.128946128414840940e-03
5.966361481324977678e-02 2.977967220468429087e-04 5.055542293645717063e-05 5.206084124639964728e-03
6.055819652549329635e-02 3.508374241580916814e-04 5.625658039911332365e-05 5.284394544615041850e-03
6.146624737334718813e-02 5.141157153805552427e-04 6.772159663358315307e-05 5.363895564297601302e-03
6.238796932220703334e-02 5.489034804503484504e-04 6.921046037930677622e-05 5.444605661965317561e-03
6.332356737814537340e-02 5.831199966346860188e-04 7.148343647254540962e-05 5.526543624121126388e-03
6.427324963350834752e-02 5.403545459905791885e-04 7.103437378412143677e-05 5.609728551550956406e-03
6.523722731319894774e-02 4.992733047725866728e-04 6.911579771192904239e-05 5.694179865539274535e-03
6.621571482165676537e-02 4.160926625913650349e-04 6.121766031617767922e-05 5.779917314247876720e-03
6.720892979054512995e-02 2.707263061061968641e-04 4.858356059678031296e-05 5.866960979263561790e-03
6.821709312715595885e-02 2.309843373137756217e-04 4.507425237436447148e-05 5.955331282320552692e-03
6.924042906354316296e-02 1.940118916906979061e-04 4.297854358513979205e-05 6.045048992203768713e-03
7.027916520639551634e-02 2.470463822037234831e-04 5.262324859105332853e-05 6.136135231839306460e-03
7.133353258766016169e-02 2.365004685370430146e-04 5.311350063753728345e-05 6.228611485578717209e-03
7.240376571592779809e-02 1.878136800828202177e-04 4.728103933992626505e-05 6.322499606683988291e-03
7.349010262859138887e-02 1.943315516410382756e-04 4.720749760792149245e-05 6.417821825020347815e-03
7.459278494478945032e-02 2.571599743576274272e-04 5.668456316068818247e-05 6.514600754964389347e-03
7.571205791914617511e-02 3.057175423157287831e-04 6.156123620629743018e-05 6.612859403535199625e-03
7.684817049632004793e-02 1.396218836354324406e-04 3.956647060356549605e-05 6.712621178756632973e-03
7.800137536637329061e-02 1.343832925868497041e-04 3.970508865221713889e-05 6.813909898259068627e-03
7.917192902097419660e-02 1.267554985101423612e-04 3.937968823920246912e-05 6.916749798129432150e-03
8.036009181044512228e-02 1.680240862888770473e-04 4.628357770036661974e-05 7.021165542018527501e-03
8.156612800166862520e-02 1.130872777358933487e-04 3.760260987467336304e-05 7.127182230515243314e-03
8.279030583686482203e-02 1.696868841580963748e-04 4.597679936532508713e-05 7.234825410797391179e-03
8.403289759325281716e-02 1.740835329806963950e-04 4.584867509432589928e-05 7.344121086569506233e-03
8.529417964360967719e-02 1.438447873759810794e-04 4.514411756440036714e-05 7.455095728298256029e-03
8.657443251774006587e-02 1.040015413588702981e-04 3.866038492677833751e-05 7.567776283756622382e-03
8.787394096487095851e-02 1.542664691136593391e-04 4.494140543679944446e-05 7.682190188888412055e-03
8.919299401698434215e-02 7.827717821536370006e-05 2.856098912696841230e-05 7.798365379005143053e-03
9.053188505310275080e-02 8.601401293658151399e-05 3.468927478557392620e-05 7.916330300327886760e-03
9.189091186454154125e-02 9.096396554796522011e-05 3.766846302412887773e-05 8.036113921887105827e-03
9.327037672114261990e-02 2.513000077916148972e-05 1.791238044153462973e-05 8.157745747794141813e-03
9.467058643850403965e-02 8.745656572709324770e-05 3.656915292855170726e-05 8.281255829898415133e-03
9.609185244622103772e-02 4.791328855290478956e-05 2.780891492628835879e-05 8.406674780845229886e-03
9.753449085715296119e-02 9.404399637495355251e-05 4.208915136170023557e-05 8.534033787549388447e-03
9.899882253773201191e-02 7.607863211640349046e-05 3.653842898897644389e-05 8.663364625100712299e-03
1.004851731793290626e-01 1.599710365067940243e-04 5.575442955370564296e-05 8.794699671117987144e-03
1.019938733706929612e-01 4.438996495043045739e-05 2.804601899423001237e-05 8.928071920568802708e-03
1.035252586714788120e-01 4.071953303500891420e-05 2.842515816191758013e-05 9.063515001073142729e-03
1.050796696868817603e-01 2.397272439777126365e-05 2.397789714747240164e-05 9.201063188709630164e-03
1.066574521433935607e-01 2.514214301796579109e-05 2.514741427298939217e-05 9.340751424343861700e-03
1.082589569656973033e-01 8.195832869704224445e-05 4.262519405847904288e-05 9.482615330499219800e-03
1.098845403547193816e-01 6.062023663462920144e-05 3.341282460273118147e-05 9.626691228791284249e-03
1.115345638668539807e-01 1.925178517812088799e-05 1.925599807948521379e-05 9.773016157947851668e-03
1.132093944943793340e-01 2.650488412727843056e-05 2.651153329607506306e-05 9.921627892437530696e-03
1.149094047470827912e-01 5.103616730365432095e-06 5.104913260519638047e-06 1.007256496173066472e-02
1.166349727351131682e-01 5.392660190250314519e-05 3.816821766179912510e-05 1.022586667021748753e-02
