1.561985766642309120e-02 7.438522517525002486e-01 6.695090309199094869e-02 1.356980011439600821e-03
1.584724913396213727e-02 8.968583220407739809e-01 7.603848118838808789e-02 1.376865181507321879e-03
1.607816528775671619e-02 8.590321555780392471e-01 6.665403627544261300e-02 1.397056584633777840e-03
1.631265748741925897e-02 7.245658439097217851e-01 4.964191089329420686e-02 1.417558713803584352e-03
1.655077788793026319e-02 8.786154027276174006e-01 6.407049880801878039e-02 1.438376131583360851e-03
1.679257945123857620e-02 7.896941723197146157e-01 5.473826414572884741e-02 1.459513471156771106e-03
1.703811595804110429e-02 8.666757699975543572e-01 6.042241553093052192e-02 1.480975437376675936e-03
1.728744201974463657e-02 8.460396862700505505e-01 5.792348856369340659e-02 1.502766807834679573e-03
1.754061309061245508e-02 7.817751502032462829e-01 5.126498415718269003e-02 1.524892433948392759e-03
1.779768548009835749e-02 6.896284199408271309e-01 4.392252505312434913e-02 1.547357242066689682e-03
1.805871636537091651e-02 5.473147518608371120e-01 3.237186687164661514e-02 1.570166234593298139e-03
1.832376380403072727e-02 5.764965924366562966e-01 3.410441499701892532e-02 1.593324491129036874e-03
1.859288674702346336e-02 5.351079036245555143e-01 2.993095820994388229e-02 1.616837169633018661e-03
1.886614505175161771e-02 4.275258581072030051e-01 2.220372836728451774e-02 1.640709507603182972e-03
1.914359949538788422e-02 3.528820053889783481e-01 1.749156967404198737e-02 1.664946823276478721e-03
1.942531178839304595e-02 2.622226297019097929e-01 1.218030948264614728e-02 1.689554516849069415e-03
1.971134458824150976e-02 2.183015506588837640e-01 1.012968346804719172e-02 1.714538071716921941e-03
2.000176151335742586e-02 1.639783673473288739e-01 7.761832364524898741e-03 1.739903055737149380e-03
2.029662715726452543e-02 1.097028207262092936e-01 5.288978718741037775e-03 1.765655122510494677e-03
2.059600710295288531e-02 7.448876987013679229e-02 3.887481484955787256e-03 1.791800012685346990e-03
2.089996793746569728e-02 4.998764561392042560e-02 2.699481041156840191e-03 1.818343555283696887e-03
2.120857726670942120e-02 3.568663247943454353e-02 2.176667852911750526e-03 1.845291669049445174e-03
2.152190373049045133e-02 2.882013882349600958e-02 1.769102842104326419e-03 1.872650363819477158e-03
2.184001701778187990e-02 3.482375282995402166e-02 1.988971880502963044e-03 1.900425741917973312e-03
2.216298788222344565e-02 3.834066141018639684e-02 2.111204616322326713e-03 1.928623999574355114e-03
2.249088815785841786e-02 4.530505320696595617e-02 2.220593365298011330e-03 1.957251428365371949e-03
2.282379077511069096e-02 5.280408627040118069e-02 2.375412618228866894e-03 1.986314416681780100e-03
2.316176977700575360e-02 5.879037222679876773e-02 2.459767313193512214e-03 2.015819451220082856e-03
2.350490033563914019e-02 6.520437551088950623e-02 2.515934968338786378e-03 2.045773118499892053e-03
2.385325876889598032e-02 6.209571261074790099e-02 2.336530470253638404e-03 2.076182106407334967e-03
2.420692255742538587e-02 7.074299249381850452e-02 2.602652135854329526e-03 2.107053205765109603e-03
2.456597036187347163e-02 6.494568380015475206e-02 2.360637883996983752e-03 2.138393311929700103e-03
2.493048204037880133e-02 6.095862516852053326e-02 2.203647243253017540e-03 2.170209426416299173e-03
2.530053866633418316e-02 5.780561664271408051e-02 2.101680141286783789e-03 2.202508658552032508e-03
2.567622254641881152e-02 4.842586679391271826e-02 1.780477687738881180e-03 2.235298227158069410e-03
2.605761723890456100e-02 4.049962559492798625e-02 1.511475423056016405e-03 2.268585462261204187e-03
2.644480757224085613e-02 3.418094218726990680e-02 1.330023358897132772e-03 2.302377806835581402e-03
2.683787966392186738e-02 2.562176786843289866e-02 1.106302034834880186e-03 2.336682818575143948e-03
2.723692093964054373e-02 2.017990599653084194e-02 9.241571683793225241e-04 2.371508171697532530e-03
2.764202015273347843e-02 1.334904403898529157e-02 7.064005561017290503e-04 2.406861658780056704e-03
2.805326740392121224e-02 8.884185728255375447e-03 5.388265449437674732e-04 2.442751192628496437e-03
2.847075416134811632e-02 5.850336662256093098e-03 4.304507563287600109e-04 2.479184808179408974e-03
2.889457328092637570e-02 4.342609148327987792e-03 3.617020088876384963e-04 2.516170664436713847e-03
2.932481902698877776e-02 3.427113400658878765e-03 3.116831411561406403e-04 2.553717046443329704e-03
2.976158709325463919e-02 3.479215005946297620e-03 3.113378013254499690e-04 2.591832367288629275e-03
3.020497462411364867e-02 4.635088897837333875e-03 3.518142442630240222e-04 2.630525170152548612e-03
3.065508023623244802e-02 5.660923169841041401e-03 3.873220481972752208e-04 2.669804130387195412e-03
3.111200404048855908e-02 7.207082703761819725e-03 4.229424801882719479e-04 2.709678057636811643e-03
3.157584766423677386e-02 9.677764419740957427e-03 4.916846549316611402e-04 2.750155897997003367e-03
3.204671427391272281e-02 1.016725541295871935e-02 4.885392846006514963e-04 2.791246736214143299e-03
3.252470859797878394e-02 1.075428586442418212e-02 4.920625679475089343e-04 2.832959797925917091e-03
3.300993695021744306e-02 1.262681700650987449e-02 5.392728564841894889e-04 2.875304451944015165e-03
3.350250725337727831e-02 1.207686247050421442e-02 5.080921369818261913e-04 2.918290212579938495e-03
3.400252906317673823e-02 1.203615928459013558e-02 4.923268270145848141e-04 2.961926742015029857e-03
3.451011359267109474e-02 1.151029949488003093e-02 4.823956091031752786e-04 3.006223852715771833e-03
3.502537373698817041e-02 8.690412556962050922e-03 3.986282268045135305e-04 3.051191509895507734e-03
3.554842409843797513e-02 7.992038226832566539e-03 3.719378525684288055e-04 3.096839834023720848e-03
3.607938101200221931e-02 6.815839191632904609e-03 3.377998347539809543e-04 3.143179103384102346e-03
3.661836257120910931e-02 4.902305238294051189e-03 2.803790151809806928e-04 3.190219756682606978e-03
3.716548865439931598e-02 3.933594040764671479e-03 2.386239360014969944e-04 3.237972395706833605e-03
3.772088095138886182e-02 2.560098802063423291e-03 1.879592172011887235e-04 3.286447788038006444e-03
3.828466299053499139e-02 1.816500865217238973e-03 1.569070110322288623e-04 3.335656869816969964e-03
3.885696016621085352e-02 1.505268157321543957e-03 1.419231952684799232e-04 3.385610748565601267e-03
3.943789976669531683e-02 1.023267026650691650e-03 1.158492886772928397e-04 3.436320706065108376e-03
4.002761100248399678e-02 1.556844850814612493e-03 1.415541262464583899e-04 3.487798201292767464e-03
4.062622503502773263e-02 1.999506592639812945e-03 1.590358895200354270e-04 3.540054873418611685e-03
4.123387500590514065e-02 2.163007357101547328e-03 1.575514716247170596e-04 3.593102544863808080e-03
4.185069606643540552e-02 2.606788682718266543e-03 1.711724100809446320e-04 3.646953224422292035e-03
4.247682540773823484e-02 3.181896388614484806e-03 1.900668621503845510e-04 3.701619110447530638e-03
4.311240229124735368e-02 3.826953597254921426e-03 2.091970776320044724e-04 3.757112594106141405e-03
4.375756807968458201e-02 3.434397625056803249e-03 1.924493537728294990e-04 3.813446262700293226e-03
4.441246626850123974e-02 3.581143245412655215e-03 1.951201546765777683e-04 3.870632903060851511e-03
4.507724251779383906e-02 3.319644546049907181e-03 1.871349661167449690e-04 3.928685505013247703e-03
4.575204468470132207e-02 3.087171913602280732e-03 1.803603912141518543e-04 3.987617264918212091e-03
4.643702285629096316e-02 2.323488269687729469e-03 1.474928505336098403e-04 4.047441589289533549e-03
4.713232938294008301e-02 2.166828415628532008e-03 1.397634306872407777e-04 4.108172098491082690e-03
4.783811891222140844e-02 1.270322537089362512e-03 1.055853700551358666e-04 4.169822630515471543e-03
4.855454842329910703e-02 8.678946732047251693e-04 8.930444446429777478e-05 4.232407244846779666e-03
4.928177726184366364e-02 6.757646053393552782e-04 7.889621939513275590e-05 4.295940226409821275e-03
5.001996717547283616e-02 5.914209212493401046e-04 7.338077106618632901e-05 4.360436089608628329e-03
5.076928234972710036e-02 6.413992737674290446e-04 7.347833863342679097e-05 4.425909582456844481e-03
5.152988944458719578e-02 7.099869614330238127e-04 7.616181147712100443e-05 4.492375690802821037e-03
5.230195763154190519e-02 8.254286453952804168e-04 8.111344773240782425e-05 4.559849642652398678e-03
5.308565863121475492e-02 1.212512466356986023e-03 1.021922499659014662e-04 4.628346912592369924e-03
5.388116675155742857e-02 1.216774566538969277e-03 1.014551706445453931e-04 4.697883226317811634e-03
5.468865892661866485e-02 1.322926640223522944e-03 1.054864389882652261e-04 4.768474565266539282e-03
5.550831475589736858e-02 1.115094570484194457e-03 9.715065347666532061e-05 4.840137171364119507e-03
5.634031654428845598e-02 1.190075333890398693e-03 1.010625347353319306e-04 4.912887551882966740e-03
5.718484934263044772e-02 1.080718885199178541e-03 9.496234354687595474e-05 4.986742484419215415e-03
5.804210098886383035e-02 8.024230627296748868e-04 8.194322768092386275e-05 5.061719021991174620e-03
5.891226214980929687e-02 5.994085830400685405e-04 7.060736756286157309e-05 5.137834498263364573e-03
5.979552636357514384e-02 5.223255716639200021e-04 6.740799459781343758e-05 5.215106532900246235e-03
6.069209008260337962e-02 3.137167404124663263e-04 5.355000134274336772e-05 5.293553037053953109e-03
6.160215271736393244e-02 2.809641800681435308e-04 5.061908067842163690e-05 5.373192218990486060e-03
6.252591668070678343e-02 3.851048224659878302e-04 5.827916021471672627e-05 5.454042589859024563e-03
6.346358743288196824e-02 3.660828043980318496e-04 5.545651988459105087e-05 5.536122969609169955e-03
6.441537352723727961e-02 2.859914124377597598e-04 5.049153539845479996e-05 5.619452493061155747e-03
6.538148665660396819e-02 4.404763370696011013e-04 6.523203120110010900e-05 5.704050616134241289e-03
6.636214170038061411e-02 5.387307075779690499e-04 7.067995580442495160e-05 5.789937122238733233e-03
6.735755677232599381e-02 4.458267595426931417e-04 6.264349080166805488e-05 5.877132128837284780e-03
6.836795326907096904e-02 3.917557530618287487e-04 6.021014804825672675e-05 5.965656094181337812e-03
6.939355591936090251e-02 4.262609860298813627e-04 6.650287431772822363e-05 6.055529824228854906e-03
7.043459283403891158e-02 3.063690020739635801e-04 5.658772408045145290e-05 6.146774479749693779e-03
7.149129555678145065e-02 2.738231032540980043e-04 5.735852090128404330e-05 6.239411583625220463e-03
7.256389911559750494e-02 1.813485379905660087e-04 4.545289676591408135e-05 6.333463028349141724e-03
7.365264207510265060e-02 1.974357315975583957e-04 4.631242341390171138e-05 6.428951083736602311e-03
7.475776658957961063e-02 2.422171358270961544e-04 5.469291689016195050e-05 6.525898404849134714e-03
7.587951845683758856e-02 2.328976969287571122e-04 5.050302487108932647e-05 6.624328040143162739e-03
7.701814717288145429e-02 2.121241295344280554e-04 4.844782698182046498e-05 6.724263439850160055e-03
7.817390598740395213e-02 1.014495009913280777e-04 3.462293275770157058e-05 6.825728464596897936e-03
7.934705196011247741e-02 2.212008562577939537e-04 5.415283860074040291e-05 6.928747394274532151e-03
8.053784601790348052e-02 1.099965543922249258e-04 3.602414227671215313e-05 7.033344937165640631e-03
8.174655301289669718e-02 1.545020225196522864e-04 4.459967177690889195e-05 7.139546239338737284e-03
8.297344178134279102e-02 9.084558363311114764e-05 3.600271026831801559e-05 7.247376894320123851e-03
8.421878520341687102e-02 5.845348835210221696e-05 2.674539802175673341e-05 7.356862953053371068e-03
8.548286026391155312e-02 1.350943931261413048e-04 4.324254180550451114e-05 7.468030934157144501e-03
8.676594811384275019e-02 1.174857309600763256e-04 3.935377113359320622e-05 7.580907834492526740e-03
8.806833413298249813e-02 1.863816792731919243e-04 4.846136234684002151e-05 7.695521140051479400e-03
8.939030799333204380e-02 1.259938455951376370e-04 3.750089858618576970e-05 7.811898837178464852e-03
9.073216372354948878e-02 5.467455448287082421e-05 2.322692773742012458e-05 7.930069424137851236e-03
9.209419977434681048e-02 5.513389723057923020e-05 2.922571683414600926e-05 8.050061923040230036e-03
9.347671908486999970e-02 9.138722004233966641e-05 3.930678313929297031e-05 8.171905892141241232e-03
9.488002915007780202e-02 3.813422429770086666e-05 2.285269918453009796e-05 8.295631438527097806e-03
9.630444208913363502e-02 9.692969346281452199e-05 3.861225141875846822e-05 8.421269231201651898e-03
9.775027471482594654e-02 1.233005010765852690e-04 4.548741088733861186e-05 8.548850514590332350e-03
9.921784860403266848e-02 4.562307477676732489e-05 2.657689006188043810e-05 8.678407122477018940e-03
1.007074901692450314e-01 8.368997583747320970e-05 3.851315231086028986e-05 8.809971492390464981e-03
1.022195307311672269e-01 8.612029673031068751e-05 3.959108845904620060e-05 8.943576680457740458e-03
1.037543065924075580e-01 1.060901958472218449e-04 4.759166063167469604e-05 9.079256376742630974e-03
1.053121591122773981e-01 2.200641535768365430e-05 2.201116382614904404e-05 9.217044921087937451e-03
1.068934347827154296e-01 9.015290709521494097e-05 4.436857433635338463e-05 9.356977319481129748e-03
1.084984853053529291e-01 4.299483737793113056e-05 2.290683357815346738e-05 9.499089260963863857e-03
1.101276676697380413e-01 3.346575230527043299e-05 1.944245659372676377e-05 9.643417135106432600e-03
1.117813442327361406e-01 2.258378606026210198e-05 1.954460388220065822e-05 9.789998050069333504e-03
1.134598827991238484e-01 5.415877532116573418e-05 3.832381733178207402e-05 9.938869851274876460e-03
1.151636567033949010e-01 5.847056701750278246e-05 3.953866451105265609e-05 1.009007114071272006e-02
1.168930448927958526e-01 6.068725135531114807e-05 4.030308184709196692e-05 1.024364129690424549e-02
