1.559225936516364652e-02 7.576288877783379228e-01 6.809104029646020906e-02 1.355088555448953061e-03
1.581923615402662520e-02 8.536617292557746595e-01 7.253558791837534658e-02 1.374945499654054923e-03
1.604973139860239525e-02 8.054490822804728500e-01 6.269078725034714361e-02 1.395108250266154527e-03
1.628379636488614182e-02 7.166897936075817821e-01 4.913686391562897132e-02 1.415581293879691806e-03
1.652148311283452645e-02 8.371460686259692974e-01 6.117229213133337090e-02 1.436369186574302723e-03
1.676284450794481365e-02 7.742264741543097850e-01 5.370971995770196933e-02 1.457476554948348426e-03
1.700793423301317012e-02 8.234978063173048479e-01 5.753055737316483537e-02 1.478908097169538824e-03
1.725680680007469353e-02 7.635571297681011949e-01 5.248878889082427696e-02 1.500668584042919420e-03
1.750951756252790148e-02 7.317335334914661926e-01 4.810631769694426185e-02 1.522762860096551043e-03
1.776612272744635193e-02 6.247434608128566991e-01 3.994852864894077316e-02 1.545195844685161302e-03
1.802667936808010837e-02 4.933662477887817976e-01 2.932196421282022916e-02 1.567972533112097595e-03
1.829124543654988763e-02 5.011910142743245533e-01 2.985587275720929731e-02 1.591097997769904977e-03
1.855987977673664163e-02 4.335074500527277830e-01 2.455889725504184842e-02 1.614577389299840047e-03
1.883264213736951173e-02 3.373568929170178698e-01 1.784317822350378266e-02 1.638415937770689931e-03
1.910959318531500056e-02 2.521201935659973525e-01 1.290988591179524636e-02 1.662618953877205994e-03
1.939079451907034513e-02 1.774111842824000751e-01 8.672997765615626450e-03 1.687191830158537393e-03
1.967630868246418585e-02 1.195502285050506625e-01 6.120252097397733612e-03 1.712140042237020755e-03
1.996619917856732457e-02 1.011650115720510168e-01 5.268649168441712216e-03 1.737469150077680484e-03
2.026053048381699570e-02 6.167779309331622439e-02 3.444552585226973683e-03 1.763184799268856934e-03
2.055936806235751299e-02 5.018794241040803322e-02 2.945041107272149735e-03 1.789292722324319768e-03
2.086277838060067447e-02 3.424928877447118436e-02 2.098640023209445791e-03 1.815798740007300424e-03
2.117082892200901345e-02 3.877373212609543096e-02 2.297408384684941369e-03 1.842708762676831822e-03
2.148358820210532344e-02 3.871762594624826581e-02 2.132751294560569083e-03 1.870028791656839400e-03
2.180112578371165566e-02 5.058773080757698187e-02 2.533609580728436728e-03 1.897764920628406977e-03
2.212351229242131775e-02 6.424565709797960822e-02 2.972411023110751050e-03 1.925923337045669110e-03
2.245081943230724936e-02 6.888176264458231723e-02 2.945986993195937650e-03 1.954510323575794212e-03
2.278312000187016420e-02 7.132641555858776350e-02 2.914012434341708545e-03 1.983532259563522242e-03
2.312048791023023700e-02 7.112017677024093376e-02 2.799932803169279116e-03 2.012995622520733375e-03
2.346299819356573516e-02 7.371341579039364378e-02 2.741814390176872552e-03 2.042906989641591915e-03
2.381072703180234576e-02 6.657233779487452263e-02 2.453618452903230836e-03 2.073273039343701517e-03
2.416375176555688939e-02 7.283937695412733004e-02 2.656619398260726302e-03 2.104100552835867170e-03
2.452215091333916769e-02 6.279851226141169862e-02 2.306592592483296903e-03 2.135396415712971334e-03
2.488600418901585482e-02 5.639432961366112884e-02 2.090796475652001961e-03 2.167167619578525863e-03
2.525539251954012424e-02 4.909244829880023836e-02 1.883297105549881041e-03 2.199421263695467386e-03
2.563039806295127482e-02 4.032637261895594127e-02 1.576709642088885673e-03 2.232164556665806789e-03
2.601110422664796099e-02 3.123458334423401955e-02 1.280645829177408336e-03 2.265404818139700894e-03
2.639759568593947822e-02 2.253828755989365981e-02 1.030907447747014772e-03 2.299149480554617698e-03
2.678995840287893074e-02 1.661810368796039217e-02 8.566914808466055079e-04 2.333406090905182795e-03
2.718827964538264239e-02 1.208857865428971182e-02 6.889050609045029765e-04 2.368182312544419091e-03
2.759264800664002273e-02 8.702750202427436341e-03 5.588285044884388000e-04 2.403485927017025119e-03
2.800315342481812797e-02 6.797090665099559184e-03 4.678567350005123312e-04 2.439324835925408847e-03
2.841988720306549282e-02 4.776222366199820574e-03 3.826293455134884241e-04 2.475707062829196007e-03
2.884294202981936908e-02 4.973107555596835948e-03 3.875364816527812010e-04 2.512640755178951503e-03
2.927241199942125574e-02 5.995700216334254838e-03 4.207042394817329359e-04 2.550134186284896270e-03
2.970839263304505748e-02 8.194091723298385296e-03 4.918871424363312726e-04 2.588195757321394563e-03
3.015098089994249983e-02 9.577409384075580637e-03 5.173342003900441213e-04 2.626833999368024392e-03
3.060027523901081084e-02 1.230628407434831983e-02 5.902774674679061272e-04 2.666057575488103674e-03
3.105637558068706852e-02 1.329005169590955458e-02 5.954559752012084659e-04 2.705875282845490466e-03
3.151938336917443906e-02 1.385511082136477515e-02 6.010741801472715019e-04 2.746296054860602673e-03
3.198940158500510750e-02 1.454176773265344370e-02 5.993753602457345831e-04 2.787328963406541550e-03
3.246653476794471305e-02 1.578481223451265458e-02 6.147778589538807322e-04 2.828983221046288670e-03
3.295088904024384008e-02 1.582201688281876378e-02 6.129280607443237392e-04 2.871268183311982084e-03
3.344257213024133535e-02 1.400948640681429734e-02 5.517029534100966913e-04 2.914193351027241814e-03
3.394169339632486376e-02 1.129472113455486787e-02 4.723775034288079256e-04 2.957768372673635383e-03
3.444836385125402134e-02 1.079097388971839849e-02 4.650791813065542125e-04 3.002003046802358480e-03
3.496269618685143854e-02 8.200519393356867776e-03 3.853157930845340327e-04 3.046907324492235340e-03
3.548480479906724466e-02 7.005318463346225932e-03 3.459054381747134481e-04 3.092491311855221931e-03
3.601480581342268034e-02 5.309370482722191101e-03 2.947995774879198913e-04 3.138765272590602826e-03
3.655281711083827045e-02 4.378949041209041423e-03 2.663897607942851691e-04 3.185739630589099532e-03
3.709895835385254581e-02 2.483228649609931470e-03 1.888608068595100094e-04 3.233424972588216928e-03
3.765335101323694089e-02 2.086862788233107783e-03 1.709511253358302529e-04 3.281832050880106703e-03
3.821611839501286301e-02 1.464802700062384656e-03 1.411076451186269918e-04 3.330971786073342114e-03
3.878738566787704595e-02 1.359216115422338467e-03 1.344249606668311450e-04 3.380855269910030408e-03
3.936727989104107234e-02 2.067437931303301498e-03 1.664310592558602075e-04 3.431493768139711863e-03
3.995593004249149705e-02 2.309401825641009976e-03 1.733821215767711668e-04 3.482898723451590631e-03
4.055346704767660848e-02 3.088435413336760270e-03 1.993982744629946128e-04 3.535081758466628726e-03
4.116002380862644749e-02 2.986088204067283060e-03 1.842183298477712656e-04 3.588054678791208381e-03
4.177573523351240520e-02 4.106613946634716204e-03 2.173581845860871802e-04 3.641829476133959156e-03
4.240073826665301249e-02 3.974096649935371893e-03 2.135480650326316871e-04 3.696418331487593377e-03
4.303517191897258259e-02 3.579876621402705399e-03 2.009855040324970963e-04 3.751833618377477687e-03
4.367917729891958312e-02 3.420094668274667200e-03 1.915667284209965912e-04 3.808087906178882730e-03
4.433289764385147519e-02 3.027100922571550421e-03 1.780210885412102746e-04 3.865193963504837821e-03
4.499647835189294481e-02 2.681437992242552502e-03 1.668627867179426521e-04 3.923164761666595064e-03
4.567006701427497872e-02 2.029655211353306385e-03 1.448950972571759737e-04 3.982013478208824495e-03
4.635381344816148774e-02 1.571617776310404394e-03 1.224271675447839399e-04 4.041753500521686956e-03
4.704786972997122146e-02 1.231314347115115143e-03 1.066111783496483226e-04 4.102398429532068055e-03
4.775239022920187842e-02 8.432252966940364906e-04 8.781834491861492860e-05 4.163962083476254773e-03
4.846753164276457193e-02 8.115881389073251184e-04 8.724043872304912612e-05 4.226458501756571833e-03
4.919345302983577778e-02 7.024813118130638929e-04 8.039773552243478381e-05 4.289901948884383871e-03
4.993031584723459093e-02 8.773338644354136554e-04 8.947329847970483504e-05 4.354306918512157454e-03
5.067828398533353457e-02 1.117729339299066088e-03 9.944195122457267328e-05 4.419688137557278677e-03
5.143752380451041550e-02 1.293104724368539975e-03 1.050753281888658195e-04 4.486060570420395861e-03
5.220820417214950410e-02 1.261431931249146514e-03 1.015903527781756714e-04 4.553439423301270175e-03
5.299049650020055263e-02 1.513854010550694891e-03 1.151861671508871439e-04 4.621840148615135278e-03
5.378457478330355562e-02 1.349348134076093757e-03 1.078191233091139697e-04 4.691278449512721431e-03
5.459061563748803664e-02 1.300594292157660663e-03 1.050681771092361897e-04 4.761770284507238320e-03
5.540879833945530630e-02 9.634982979605862408e-04 8.963467482022938898e-05 4.833331872211673284e-03
5.623930486645265653e-02 7.158901300335547297e-04 7.873082058332257804e-05 4.905979696190007101e-03
5.708231993674794252e-02 5.472201101046289280e-04 6.820952668204416575e-05 4.979730509925956415e-03
5.793803105071401727e-02 5.658012262730785068e-04 6.977594112907102553e-05 5.054601341913090434e-03
5.880662853253199734e-02 3.600458526629300889e-04 5.393770631784243887e-05 5.130609500870308287e-03
5.968830557252229052e-02 3.707115531829057549e-04 5.607579293337144329e-05 5.207772581086744096e-03
6.058325827011340481e-02 4.009255042684280678e-04 6.030468763291618777e-05 5.286108467900442649e-03
6.149168567745769143e-02 4.190853180507796453e-04 6.211407035154488377e-05 5.365635343315245699e-03
6.241378984370378469e-02 5.278913964902458593e-04 6.911680576712075788e-05 5.446371691760515388e-03
6.334977585993560589e-02 5.642201990834688286e-04 6.883531842413397148e-05 5.528336305998512133e-03
6.429985190478808288e-02 4.033235549339138988e-04 5.787337885459043987e-05 5.611548293184472416e-03
6.526422929074934820e-02 5.016058713781710275e-04 7.000654455080713653e-05 5.696027081084539465e-03
6.624312251116028227e-02 4.989835835236901317e-04 6.840907732794736479e-05 5.781792424457057183e-03
6.723674928792119920e-02 3.187273675020097668e-04 5.310242541238929662e-05 5.868864411602771509e-03
6.824533061991684690e-02 2.169163384576790600e-04 4.507076835368709235e-05 5.957263471089891890e-03
6.926909083217014373e-02 2.211815995488684058e-04 4.713876239860719241e-05 6.047010378660051463e-03
7.030825762573578164e-02 1.806564853463243957e-04 4.396682984000414580e-05 6.138126264321598288e-03
7.136306212834467311e-02 1.867850162871638052e-04 4.687142110420138735e-05 6.230632619636722845e-03
7.243373894581048300e-02 2.419674437645301910e-04 5.349421562315123755e-05 6.324551305209417940e-03
7.352052621420990253e-02 1.857082758186519669e-04 4.430680338630591197e-05 6.419904558381329604e-03
7.462366565284796194e-02 2.619747382176780635e-04 5.645997483874790832e-05 6.516715001143031163e-03
7.574340261802038621e-02 2.797744583032034339e-04 5.766172701933704159e-05 6.615005648268401824e-03
7.687998615758481757e-02 2.214888207956399694e-04 5.076350097866828717e-05 6.714799915680247366e-03
7.803366906635325617e-02 1.845556125205512178e-04 4.823394123104455150e-05 6.816121629055526057e-03
7.920470794231759815e-02 1.008104101621750358e-04 3.574506482239438431e-05 6.918995032678921901e-03
8.039336324372137188e-02 7.437008108627923277e-05 3.087864538598680445e-05 7.023444798553882956e-03
8.159989934698994030e-02 6.171142411851638146e-05 2.829753077143085902e-05 7.129496035780625782e-03
8.282458460553199231e-02 1.576360438348755960e-04 4.524569691493604334e-05 7.237174300210891600e-03
8.406769140942596530e-02 2.014018225153046504e-04 4.848701035415841991e-05 7.346505604389826083e-03
8.532949624600386085e-02 2.035561517362512770e-04 5.108211305858142775e-05 7.457516427795559365e-03
8.661027976134659523e-02 8.180886620305706275e-05 3.211951029078138659e-05 7.570233727387742050e-03
8.791032682270447096e-02 1.017094378048562497e-04 3.675798194995588420e-05 7.684684948476534945e-03
8.922992658185607828e-02 1.292483688258720448e-04 4.189241150087864461e-05 7.800898035924104523e-03
9.056937253942055899e-02 5.174792598481718934e-05 2.417124473078272723e-05 7.918901445691276311e-03
9.192896261013695780e-02 8.605517760025050734e-05 3.750153037686437433e-05 8.038724156742319341e-03
9.330899918912516355e-02 9.320773831461193920e-05 3.930852235009869183e-05 8.160395683321533880e-03
9.470978921914376125e-02 1.213028305761040674e-04 4.485586557393799476e-05 8.283946087615788254e-03
9.613164425885900588e-02 2.324609943247050789e-05 1.599314200577753648e-05 8.409405992817763770e-03
9.757488055214061373e-02 1.227274780366108850e-04 4.383235254007429159e-05 8.536806596605271344e-03
9.903981909839960907e-02 1.279369164377292683e-04 4.730591913567456196e-05 8.666179685052621817e-03
1.005267857239837415e-01 1.396177975854560969e-04 5.118260890359301876e-05 8.797557646990665156e-03
1.020361111546468219e-01 9.924626499151410178e-05 4.128544240800132814e-05 8.930973488832913421e-03
1.035681310891074097e-01 8.417446163732469129e-05 4.165598042175140697e-05 9.066460849885642909e-03
1.051231862737136008e-01 4.789600128046678435e-05 3.388220126705973894e-05 9.204054018160894371e-03
1.067016225782308481e-01 3.721384020672989225e-05 2.632519147756856183e-05 9.343787946711777648e-03
1.083037910727689263e-01 6.921966187434854412e-05 3.485588986815128386e-05 9.485698270510567812e-03
1.099300481058656381e-01 6.055771724769701579e-05 3.337836482029292380e-05 9.629821323890546542e-03
1.115807553837448035e-01 1.440008502907294042e-04 6.236052747873199091e-05 9.776194158573867782e-03
1.132562800507652678e-01 8.172214244504988378e-05 4.722705126314666167e-05 9.924854562308148276e-03
1.149569947710801787e-01 1.074385174152361823e-04 5.935510480995046949e-05 1.007584107813577247e-02
