1.558981737355825091e-02 7.513208538753327614e-01 6.756967954933297549e-02 1.354921227043509244e-03
1.581675747024154088e-02 8.704223822205986449e-01 7.389725406079077075e-02 1.374775674277784821e-03
1.604721547133799650e-02 8.069330268681523810e-01 6.280465044357629034e-02 1.394935890175207777e-03
1.628124263455923634e-02 6.845904212748987749e-01 4.704253569366347032e-02 1.415406360764916334e-03
1.651889101145388034e-02 8.373721362101534949e-01 6.118448296858421120e-02 1.436191641552677593e-03
1.676021345898484616e-02 7.653851334414466523e-01 5.312662016110016039e-02 1.457296358554291144e-03
1.700526365128569514e-02 8.452423411532942188e-01 5.898678224783329704e-02 1.478725209346066919e-03
1.725409609159878066e-02 8.567526258901031477e-01 5.863587896230317009e-02 1.500482964132682792e-03
1.750676612439776639e-02 7.537994183507520374e-01 4.950275718922638596e-02 1.522574466832720330e-03
1.776332994769726573e-02 7.088886792476001286e-01 4.509870748934970835e-02 1.545004636182174210e-03
1.802384462555226691e-02 5.840458254212846922e-01 3.443858452743851079e-02 1.567778466856260822e-03
1.828836810075026853e-02 5.992266672916111148e-01 3.538336257070921753e-02 1.590901030609849541e-03
1.855695920769878313e-02 5.346571679206917338e-01 2.990651273077625516e-02 1.614377477436828526e-03
1.882967768551115084e-02 4.363144552033303425e-01 2.263205236905537279e-02 1.638213036748768000e-03
1.910658419129361921e-02 3.668563653659465129e-01 1.812921874921511606e-02 1.662413018573204561e-03
1.938774031363650965e-02 2.551232716727557248e-01 1.188622832232492932e-02 1.686982814771913848e-03
1.967320858631268002e-02 2.169499989535028650e-01 1.007343921650903119e-02 1.711927900279541911e-03
1.996305250218610022e-02 1.599016844648598890e-01 7.596745581243142392e-03 1.737253834362945939e-03
2.025733652733377813e-02 1.116539368341366023e-01 5.360181106496152495e-03 1.762966261901652417e-03
2.055612611538415457e-02 8.309781225531356896e-02 4.213830073089501471e-03 1.789070914689806346e-03
2.085948772207514915e-02 4.600609495800683790e-02 2.547872767902308218e-03 1.815573612760032615e-03
2.116748882003505194e-02 3.748669331380945907e-02 2.242453274337816507e-03 1.842480265729603325e-03
2.148019791378958862e-02 2.723093500808387857e-02 1.701181857410183178e-03 1.869796874169345592e-03
2.179768455499857260e-02 3.456147584630250152e-02 1.979653173874300429e-03 1.897529530995739361e-03
2.212001935792531904e-02 4.336615477189609269e-02 2.285608806223788855e-03 1.925684422886617423e-03
2.244727401514253970e-02 4.742939541278593657e-02 2.285288476056381284e-03 1.954267831720965954e-03
2.277952131347794201e-02 5.440015810795855583e-02 2.412232593102960239e-03 1.983286136043272904e-03
2.311683515020331384e-02 5.885630506766375419e-02 2.454485150497498318e-03 2.012745812552907149e-03
2.345929054947047329e-02 6.235937865536796826e-02 2.437458981732839973e-03 2.042653437619059223e-03
2.380696367899801449e-02 6.334429303619153184e-02 2.367942781979269582e-03 2.073015688821706372e-03
2.415993186701221110e-02 6.862654231353570999e-02 2.546497081215061582e-03 2.103839346519162899e-03
2.451827361944616118e-02 6.736626920243551919e-02 2.422173498872393603e-03 2.135131295442756812e-03
2.488206863740087538e-02 5.963281783522086932e-02 2.170618325112054058e-03 2.166898526319165769e-03
2.525139783487205525e-02 5.891888318870917157e-02 2.128948698462831707e-03 2.199148137521004728e-03
2.562634335674681199e-02 5.257000656775397129e-02 1.882684023257939114e-03 2.231887336746246446e-03
2.600698859707405164e-02 4.223721833778298906e-02 1.554623172597085481e-03 2.265123442727086725e-03
2.639341821761270052e-02 3.216304323938087156e-02 1.277743701422372462e-03 2.298863886968868526e-03
2.678571816666190306e-02 2.716811838091603981e-02 1.146753046386728798e-03 2.333116215519705043e-03
2.718397569817737960e-02 2.078085421693065538e-02 9.429314749968011576e-04 2.367888090771486532e-03
2.758827939117815611e-02 1.444271768704315922e-02 7.424992756788691443e-04 2.403187293292913165e-03
2.799871916944804071e-02 1.003133270010531444e-02 5.773918683717815066e-04 2.439021723695292913e-03
2.841538632153612493e-02 6.666603898098124627e-03 4.606269783091933171e-04 2.475399404531790533e-03
2.883837352106094140e-02 5.381970465329391148e-03 4.059758881957281629e-04 2.512328482230909588e-03
2.926777484732257309e-02 3.671663341040916784e-03 3.229888144431414189e-04 2.549817229064939988e-03
2.970368580622752275e-02 3.303260032081077081e-03 3.034547992302204559e-04 2.587874045154188105e-03
3.014620335153071068e-02 4.509527265764962274e-03 3.477648074929099126e-04 2.626507460507776157e-03
3.059542590639971124e-02 5.820532972518855166e-03 3.940396692995631455e-04 2.665726137101896015e-03
3.105145338530563431e-02 6.919941971921766792e-03 4.149721549554896802e-04 2.705538870996333604e-03
3.151438721624577610e-02 8.760454295920483414e-03 4.657088858220812758e-04 2.745954594490197190e-03
3.198433036330292079e-02 1.025076068456600049e-02 4.920704294658441230e-04 2.786982378317755076e-03
3.246138734954619881e-02 1.113170653635068598e-02 5.030421172486644306e-04 2.828631433885337668e-03
3.294566428027879967e-02 1.228231020483136829e-02 5.297410537205900650e-04 2.870911115550309634e-03
3.343726886663753173e-02 1.216649255181329568e-02 5.093603461505768863e-04 2.913830922943086606e-03
3.393631044954957543e-02 1.120207266362876347e-02 4.729945548638237970e-04 2.957400503333288029e-03
3.444290002405166196e-02 1.069572581504977561e-02 4.624742733685179171e-04 3.001629654041093002e-03
3.495715026397728381e-02 8.819746875002408906e-03 3.995139052059452434e-04 3.046528324894915395e-03
3.547917554701717630e-02 7.013074890382175325e-03 3.445273223993406938e-04 3.092106620736575703e-03
3.600909198015878054e-02 6.330271644281372338e-03 3.243095023131236060e-04 3.138374803975146638e-03
3.654701742551037802e-02 4.586937857721258734e-03 2.702044778201144926e-04 3.185343297190721019e-03
3.709307152651559331e-02 3.691339068718716126e-03 2.322196721701765411e-04 3.233022685789396951e-03
3.764737573456403835e-02 2.793672275754906405e-03 1.979805139368540643e-04 3.281423720710774806e-03
3.821005333600410725e-02 2.014901814604766819e-03 1.651622832946138709e-04 3.330557321189367252e-03
3.878122947956390287e-02 1.307539881906684973e-03 1.318053532083660680e-04 3.380434577571320934e-03
3.936103120418637386e-02 1.207079492357002615e-03 1.262943257184204909e-04 3.431066754187933436e-03
3.994958746728485138e-02 1.278878131075543217e-03 1.279345363465043039e-04 3.482465292287480370e-03
4.054702917342534185e-02 1.789200265738676411e-03 1.501271089009188894e-04 3.534641813026907775e-03
4.115348920344179956e-02 2.522139675404906113e-03 1.713431511607920973e-04 3.587608120525074672e-03
4.176910244399108241e-02 2.730766423282591625e-03 1.751018448313392071e-04 3.641376204979156900e-03
4.239400581755391195e-02 2.735146324130730000e-03 1.746684091178725569e-04 3.695958245846039762e-03
4.302833831288867261e-02 4.047828630149646716e-03 2.155562536150504229e-04 3.751366615090453733e-03
4.367224101594485708e-02 3.653439259668065341e-03 1.988928633769361531e-04 3.807613880501758800e-03
4.432585714124290255e-02 3.307142279659786976e-03 1.868729336128975040e-04 3.864712809081339000e-03
4.498933206372734972e-02 3.155022401460709242e-03 1.822970612586922307e-04 3.922676370502581680e-03
4.566281335110072143e-02 2.948429197372283688e-03 1.756061127281269350e-04 3.981517740645583447e-03
4.634645079664501816e-02 2.419862188857388550e-03 1.522746315689281905e-04 4.041250305208731256e-03
4.704039645253810242e-02 1.707279643644559657e-03 1.248159691426461971e-04 4.101887663399399891e-03
4.774480466367275050e-02 1.402770298456736770e-03 1.142339102974470016e-04 4.163443631706132027e-03
4.845983210198531038e-02 9.961309403596848872e-04 9.605804918350955408e-05 4.225932247754702123e-03
4.918563780130227880e-02 7.693143347504685561e-04 8.434346449813812942e-05 4.289367774250588648e-03
4.992238319271195129e-02 6.352712602896806206e-04 7.577030992300586650e-05 4.353764703010460160e-03
5.067023214046936785e-02 6.301877099367901710e-04 7.420437297375666623e-05 4.419137759085408311e-03
5.142935097844240910e-02 8.258588790988709077e-04 8.413500243428087880e-05 4.485501904978691189e-03
5.219990854710717526e-02 9.565491909206558100e-04 8.927592575191280601e-05 4.552872344960982864e-03
5.298207623110091219e-02 1.112017448830892024e-03 9.878302756214677133e-05 4.621264529486091184e-03
5.377602799734074873e-02 1.225374787728820318e-03 1.023838577257514526e-04 4.690694159710345236e-03
5.458194043371673160e-02 1.295166126533224158e-03 1.047907021936378489e-04 4.761177192118903369e-03
5.539999278836801183e-02 1.232290819467190320e-03 1.016227320321588318e-04 4.832729843262391356e-03
5.623036700955044015e-02 1.215357777287455780e-03 1.004395325897993889e-04 4.905368594607395667e-03
5.707324778610492477e-02 9.215350353344862241e-04 8.713333571846991769e-05 4.979110197504505071e-03
5.792882258853517680e-02 7.130700040269175814e-04 7.745946555910318239e-05 5.053971678277683136e-03
5.879728171070440490e-02 6.830618139130434060e-04 7.550658358686370775e-05 5.129970343438987508e-03
5.967881831215954974e-02 5.047132362529052098e-04 6.645725293753221080e-05 5.207123785032693498e-03
6.057362846109328597e-02 4.157805745207809726e-04 6.187666400370653980e-05 5.285449886113170910e-03
6.148191117795284016e-02 3.185471485257581779e-04 5.110862811737104189e-05 5.364966826360949813e-03
6.240386847970524203e-02 4.224478987492643581e-04 5.854714070498541018e-05 5.445693087841583548e-03
6.333970542476941024e-02 3.420379958929906376e-04 5.362927088205974804e-05 5.527647460912173127e-03
6.428963015862433628e-02 3.929077798357441683e-04 5.903074232829598283e-05 5.610849050280524754e-03
6.525385396010419115e-02 5.142547117079786971e-04 6.876707020445561229e-05 5.695317281222183649e-03
6.623259128839005527e-02 3.549247362888041830e-04 5.614669868197923658e-05 5.781071905960744398e-03
6.722605983070936708e-02 4.299012765835429637e-04 6.488448996388275014e-05 5.868133010217106878e-03
6.823448055075286012e-02 4.760860337606707677e-04 7.061073175214081809e-05 5.956521019933494303e-03
6.925807773782076404e-02 3.267218397417019334e-04 5.883631985137364188e-05 6.046256708178408129e-03
7.029707905670831702e-02 3.334477097767687796e-04 6.115637155348040144e-05 6.137361202238821208e-03
7.135171559834209420e-02 1.966560174672333573e-04 4.786854452762912638e-05 6.229855990906212407e-03
7.242222193117851814e-02 1.527308803241193022e-04 4.091710071215298771e-05 6.323762931963392876e-03
7.350883615337572285e-02 1.125779545704662133e-04 3.468196733005527230e-05 6.419104259879174733e-03
7.461179994575037333e-02 2.391989656847599496e-04 5.520182463155093295e-05 6.515902593718436026e-03
7.573135862553163900e-02 1.147644034783140877e-04 3.283128813297435974e-05 6.614180945275261597e-03
7.686776120092356224e-02 1.743448994278203317e-04 4.451629968128164710e-05 6.713962727437265340e-03
7.802126042648868665e-02 1.658375800238172024e-04 4.508806647395345688e-05 6.815271762789482969e-03
7.919211285936481048e-02 1.046513783279122770e-04 3.622857351564904031e-05 6.918132292466593058e-03
8.038057891632746643e-02 1.057142661733350526e-04 3.645460982305207524e-05 7.022568985262519874e-03
8.158692293171096455e-02 1.178631675487195880e-04 3.869896639951424700e-05 7.128606947006987590e-03
8.281141321620041906e-02 7.531537960423124751e-05 2.787714474978193497e-05 7.236271730218748165e-03
8.405432211650885888e-02 1.045003347008428797e-04 3.340192391766918541e-05 7.345589344045927623e-03
8.531592607595135658e-02 9.024415272909515719e-05 3.458929961681032216e-05 7.456586264503987579e-03
8.659650569593040081e-02 1.637371145720781240e-04 4.778647982742123752e-05 7.569289445022575093e-03
8.789634579834666728e-02 9.450157135678346804e-05 3.394762958630259870e-05 7.683726327312814103e-03
8.921573548894765060e-02 5.596102337496156146e-05 2.562854177646084125e-05 7.799924852567013261e-03
9.055496822162981130e-02 8.888916131314386843e-05 3.402215091466078030e-05 7.917913473003475311e-03
9.191434186370746329e-02 1.603468238382916254e-04 5.050078459559280821e-05 8.037721163769391552e-03
9.329415876216325121e-02 7.602949041229958263e-05 3.522081061176460693e-05 8.159377435215445923e-03
9.469472581089521945e-02 6.839442319693425209e-05 3.279728316752736084e-05 8.282912345556333461e-03
9.611635451897485027e-02 4.146907881117504639e-05 2.424543480413236460e-05 8.408356513931874998e-03
9.755936107993211370e-02 9.002839047072489897e-05 3.878165321796959699e-05 8.535741133884191395e-03
9.902406644208168462e-02 3.593806177559486002e-05 2.567451921562534698e-05 8.665097987266773619e-03
1.005107963799074244e-01 2.073897580568171773e-05 9.282490833110607843e-06 8.796459458602226902e-03
1.020198815665198794e-01 1.357528249518205024e-04 4.975819525178263783e-05 8.929858549905946019e-03
1.035516576472033795e-01 6.308962608857771590e-05 3.651885849846056516e-05 9.065328895993733302e-03
1.066846503818300457e-01 8.102513621046704992e-05 4.093737591444799158e-05 9.342621151171381574e-03
1.082865638647172446e-01 3.512971779430973715e-05 1.885212532237459063e-05 9.484513638820057588e-03
1.099125620545496895e-01 9.347166004904647937e-05 4.857946298328309678e-05 9.628618572684721072e-03
1.115630065999800302e-01 2.956075349125641372e-05 2.956722232459624988e-05 9.774972999494421083e-03
1.132382645869312310e-01 2.650639023681381715e-05 2.651303978582166928e-05 9.923614701894307305e-03
1.149387086202424135e-01 3.925445369276121680e-05 3.454117444633798351e-05 1.007458221771169622e-02
