1.562569633793823090e-02 7.937704252420255679e-01 7.116234567131239641e-02 1.357380256619586953e-03
1.585317553452248590e-02 8.628892949797126732e-01 7.328797206176282386e-02 1.377271399584936544e-03
1.608418073549023469e-02 8.440589638745525924e-01 6.555233786763738080e-02 1.397468865891655487e-03
1.631876332025947868e-02 7.207955401338685952e-01 4.938969647015307995e-02 1.417977149876581801e-03
1.655697546391388109e-02 8.807633282345471715e-01 6.420643404635155427e-02 1.438800815479044596e-03
1.679887014880749110e-02 8.014618353724750621e-01 5.551658950854879843e-02 1.459944497276221415e-03
1.704450117634901188e-02 8.912564099513925475e-01 6.207708356936381122e-02 1.481412901535615568e-03
1.729392317896821449e-02 8.845752212604399700e-01 6.046835801601850580e-02 1.503210807284933396e-03
1.754719163226724221e-02 8.109052292242895366e-01 5.310143583951704854e-02 1.525343067399680640e-03
1.780436286735935514e-02 7.364721504890465731e-01 4.677914520699665013e-02 1.547814609708759830e-03
1.806549408339805027e-02 5.892076879941622325e-01 3.472701656312722485e-02 1.570630438118409983e-03
1.833064336029912797e-02 6.266891467422360806e-01 3.693081200563865657e-02 1.593795633754787429e-03
1.859986967165879607e-02 5.770124028034119279e-01 3.214256850742522320e-02 1.617315356125535557e-03
1.887323289787037200e-02 4.813071295384575010e-01 2.480771338398795808e-02 1.641194844300673111e-03
1.915079383944283051e-02 4.053558582981621194e-01 1.987686093297381246e-02 1.665439418113150117e-03
1.943261423052385778e-02 3.026262296500147886e-01 1.384231818594960743e-02 1.690054479379427075e-03
1.971875675263066313e-02 2.456363905441646955e-01 1.122860344832453047e-02 1.715045513140446912e-03
2.000928504859143808e-02 1.929905031290895800e-01 8.903740215098784536e-03 1.740418088923361599e-03
2.030426373670064441e-02 1.340718758913865549e-01 6.200703080466721077e-03 1.766177862024416760e-03
2.060375842509122937e-02 9.851669813568390832e-02 4.792066704278920113e-03 1.792330574813360720e-03
2.090783572632708837e-02 5.649067180232222180e-02 2.930100327493987376e-03 1.818882058059819720e-03
2.121656327221877955e-02 4.619838413718845710e-02 2.581853232008019406e-03 1.845838232282007900e-03
2.153000972886604317e-02 3.469772043918582100e-02 1.986899935104375747e-03 1.873205109118235463e-03
2.184824481193035906e-02 3.488720285346863514e-02 1.987957402637230246e-03 1.900988792721641091e-03
2.217133930214085225e-02 4.366670447613900385e-02 2.293668240944363862e-03 1.929195481178579705e-03
2.249936506103720688e-02 5.108576139408634031e-02 2.403355898419201261e-03 1.957831467951151507e-03
2.283239504695285318e-02 5.698807802588428534e-02 2.493604313267191661e-03 1.986903143344332431e-03
2.317050333124218153e-02 6.645195804699995101e-02 2.671705294457335598e-03 2.016416995998178939e-03
2.351376511475524941e-02 6.683487246489766553e-02 2.560242015500103271e-03 2.046379614405651869e-03
2.386225674456377011e-02 7.039581056199670228e-02 2.555645207488449217e-03 2.076797688456505364e-03
2.421605573094194955e-02 7.889785766585119542e-02 2.813430889323557515e-03 2.107678011007825276e-03
2.457524076460612314e-02 7.802562457671328999e-02 2.682968402248295421e-03 2.139027479481738544e-03
2.493989173421690825e-02 7.505846246427255730e-02 2.546416602514099941e-03 2.170853097490841287e-03
2.531008974414774432e-02 7.025956627195742432e-02 2.405795187654561663e-03 2.203161976491933675e-03
2.568591713252393882e-02 6.331900523159861294e-02 2.134501771484617529e-03 2.235961337468648363e-03
2.606745748953597300e-02 5.315316500721740944e-02 1.807967809126751662e-03 2.269258512643571382e-03
2.645479567603145968e-02 4.531003595067483597e-02 1.596251973946548981e-03 2.303060947220501690e-03
2.684801784238953493e-02 3.766924470285246823e-02 1.407664557744261243e-03 2.337376201157452624e-03
2.724721144768221803e-02 3.120069688151546825e-02 1.204049185874438892e-03 2.372211950971113426e-03
2.765246527912671587e-02 2.531481154355806965e-02 1.033601716248689576e-03 2.407575991573393612e-03
2.806386947183323044e-02 1.649191288964688140e-02 7.654436329344353144e-04 2.443476238140805234e-03
2.848151552885249543e-02 1.150198167271928272e-02 6.192790366605348826e-04 2.479920728017361714e-03
2.890549634152755204e-02 8.691215905234887448e-03 5.201635710723933942e-04 2.516917622651776085e-03
2.933590621015437841e-02 6.009427261143948824e-03 4.191135051311536313e-04 2.554475209569704534e-03
2.977284086495584486e-02 4.252796452415271572e-03 3.477022293456107256e-04 2.592601904381839750e-03
3.021639748737367862e-02 4.051330723744155440e-03 3.276594717735771285e-04 2.631306252828657672e-03
3.066667473168323971e-02 5.162503461832058417e-03 3.699913261999914589e-04 2.670596932862678505e-03
3.112377274693589949e-02 6.458037859779004741e-03 4.009250334811622339e-04 2.710482756769101113e-03
3.158779319923379209e-02 8.215980597063334001e-03 4.507753701762495639e-04 2.750972673325705487e-03
3.205883929434216045e-02 1.003897404475855015e-02 4.883304139087084501e-04 2.792075770002958729e-03
3.253701580064385923e-02 1.085522185120282521e-02 4.949366174388437250e-04 2.833801275205263034e-03
3.302242907244171133e-02 1.229566093867593031e-02 5.290604682032245968e-04 2.876158560554371336e-03
3.351518707361342969e-02 1.264091847607169694e-02 5.212779893328727899e-04 2.919157143215934253e-03
3.401539940162458253e-02 1.258462668158321501e-02 5.033913946953278047e-04 2.962806688270275528e-03
3.452317731190483741e-02 1.216579473016775152e-02 4.948665332841997331e-04 3.007117011128469797e-03
3.503863374259303526e-02 1.219090958763015091e-02 4.821200940947182895e-04 3.052098079994835025e-03
3.556188333965654147e-02 1.098505522781346132e-02 4.450735086087810534e-04 3.097760018377026647e-03
3.609304248239030011e-02 8.504389451520195584e-03 3.797788528319526766e-04 3.144113107644909942e-03
3.663222930930162824e-02 7.544942341006113766e-03 3.545780204095801461e-04 3.191167789639463587e-03
3.717956374438607936e-02 5.907744241683118326e-03 2.986548100593244999e-04 3.238934669333001087e-03
3.773516752380056544e-02 4.616320004894259622e-03 2.587249356711340494e-04 3.287424517542035431e-03
3.829916422293948991e-02 3.396272682878043268e-03 2.176320496512854628e-04 3.336648273694161303e-03
3.887167928391990768e-02 2.287871462174564160e-03 1.760940793846368425e-04 3.386617048650373413e-03
3.945284004348196399e-02 1.639652852223364701e-03 1.479447862947493139e-04 3.437342127584306749e-03
4.004277576131064914e-02 1.256186193305261836e-03 1.268910802900673077e-04 3.488834972919913589e-03
4.064161764878532895e-02 1.254028411808439910e-03 1.253945167193580015e-04 3.541107227329136787e-03
4.124949889816326848e-02 1.450948144990216095e-03 1.275912638041485888e-04 3.594170716791273736e-03
4.186655471220378927e-02 2.029202910697128735e-03 1.494606896330798857e-04 3.648037453715638652e-03
4.249292233423961757e-02 2.374347155348349378e-03 1.625258373608105258e-04 3.702719640129357222e-03
4.312874107870203616e-02 2.854270050895220661e-03 1.776042261351084032e-04 3.758229670932064330e-03
4.377415236210670246e-02 3.183824599033852933e-03 1.845323213647570722e-04 3.814580137219389204e-03
4.442929973450705783e-02 3.447894895305258708e-03 1.919693206528930770e-04 3.871783829677219457e-03
4.509432891142211436e-02 3.426971261233186569e-03 1.913255421920377424e-04 3.929853742048715522e-03
4.576938780624606462e-02 2.971470167562806439e-03 1.767719975078739275e-04 3.988803074676214831e-03
4.645462656314668093e-02 2.721474427503566169e-03 1.611402239157887347e-04 4.048645238120194591e-03
4.715019759045973452e-02 2.628122359377373443e-03 1.566805370775443550e-04 4.109393856857521815e-03
4.785625559458723394e-02 1.898049043425446792e-03 1.333409443022985131e-04 4.171062773061379354e-03
4.857295761440656029e-02 1.613746331263305519e-03 1.229110567801661429e-04 4.233666050465275700e-03
4.930046305619859709e-02 1.038606823541975144e-03 9.684691349169117223e-05 4.297217978313640913e-03
5.003893372910222376e-02 8.018173067951844422e-04 8.440728969987905579e-05 4.361733075401673203e-03
5.078853388110337458e-02 6.626589779938433502e-04 7.630252092222765143e-05 4.427226094207110246e-03
5.154943023556648324e-02 4.418724208782189955e-04 6.060936746028545475e-05 4.493712025116771910e-03
5.232179202831643838e-02 5.581613597815469462e-04 6.726912712263791931e-05 4.561206100750794801e-03
5.310579104527952260e-02 7.606833141506779729e-04 8.130030914928086585e-05 4.629723800387608272e-03
5.390160166069130759e-02 6.923951766378056739e-04 7.627892013153836251e-05 4.699280854492796089e-03
5.470940087588044287e-02 9.128899374639791193e-04 8.676534982222762287e-05 4.769893249355157058e-03
5.552936835863655357e-02 9.821136796987501444e-04 9.053879498087544708e-05 4.841577231833323926e-03
5.636168648317142066e-02 1.311485574362036052e-03 1.065948276303256987e-04 4.914349314216548761e-03
5.720654037068192282e-02 1.035716124893164931e-03 9.347810455824212539e-05 4.988226279203280406e-03
5.806411793052398268e-02 9.428892423033613263e-04 8.964666460204135745e-05 5.063225185001387664e-03
5.893460990200688476e-02 8.094671941104534260e-04 8.232153809065823969e-05 5.139363370554012912e-03
5.981820989681659040e-02 5.443490915859310747e-04 6.893186150225247863e-05 5.216658460895159596e-03
6.071511444207833286e-02 5.142754549659639017e-04 6.918089185806176585e-05 5.295128372639349573e-03
6.162552302406733989e-02 3.184731775313738773e-04 5.263871706536272160e-05 5.374791319609772099e-03
6.254963813257796712e-02 3.034448666984407620e-04 5.132676895124317737e-05 5.455665818609646382e-03
6.348766530596069990e-02 2.782897582248576606e-04 4.851518551858872378e-05 5.537770695341530033e-03
6.443981317683721011e-02 2.405308257594843124e-04 4.659927883727643487e-05 5.621125090479685629e-03
6.540629351850378581e-02 3.303117497185545067e-04 5.648114532850503878e-05 5.705748465900684421e-03
6.638732129203307741e-02 3.692168179957249310e-04 5.748787985206174611e-05 5.791660611077704621e-03
6.738311469408504728e-02 4.674740900954784989e-04 6.723952823397939620e-05 5.878881649644163848e-03
6.839389520543737166e-02 4.317228343612578164e-04 6.447694803130498645e-05 5.967432046132582074e-03
6.941988764024656366e-02 3.608100566656482306e-04 5.956383163087934667e-05 6.057332612894796887e-03
7.046132019605021168e-02 3.265043035017336495e-04 5.995536795818109341e-05 6.148604517209901865e-03
7.151842450452183808e-02 2.341420572079185600e-04 5.256633078271779035e-05 6.241269288586497391e-03
7.259143568298966065e-02 2.073338706183311462e-04 4.905279170012021326e-05 6.335348826266239651e-03
7.368059238673055344e-02 1.834220919818682822e-04 4.575525920444495435e-05 6.430865406935750740e-03
7.478613686205079492e-02 9.804680741856668786e-05 3.492730350791346941e-05 6.527841692654466274e-03
7.590831500016566313e-02 1.595770888298843327e-04 4.449787718688958332e-05 6.626300739006102739e-03
7.704737639188974363e-02 1.627345100010767339e-04 4.454305268838249632e-05 6.726266003481924660e-03
7.820357438314992637e-02 1.987101510509632412e-04 4.909378786780242406e-05 6.827761354104146078e-03
7.937716613133369292e-02 1.561088368418522333e-04 4.421053792790383889e-05 6.930811078298309939e-03
8.056841266248525313e-02 1.458885484603752569e-04 4.195448712235851438e-05 7.035439892023704136e-03
8.177757892936188266e-02 1.846042994348154537e-04 4.794214466538817843e-05 7.141672949171385537e-03
8.300493387036379789e-02 1.248878281655876063e-04 3.975920567857766128e-05 7.249535851239623588e-03
8.425075046935057155e-02 1.137395228960833422e-04 3.860729648284222203e-05 7.359054657297126739e-03
8.551530581635706507e-02 1.245936850581647276e-04 4.258213953703499587e-05 7.470255894244711564e-03
8.679888116922281072e-02 1.340010157055544445e-04 4.452425018963850653e-05 7.583166567386614813e-03
8.810176201614855485e-02 5.498729822318976202e-05 2.774983917250691624e-05 7.697814171323073655e-03
8.942423813919321562e-02 8.472046835642523227e-05 3.260541144366186614e-05 7.814226701176176654e-03
9.076660367872646518e-02 4.295147121809225196e-05 2.033369276136031439e-05 7.932432664161711416e-03
9.212915719885017563e-02 3.337445471862785282e-05 2.360660425734917149e-05 8.052461091519995048e-03
9.351220175380405009e-02 5.639946525593069187e-05 3.047155516218697020e-05 8.174341550819416019e-03
9.491604495536977437e-02 1.055748136140587372e-04 4.199707046737464978e-05 8.298104158646830639e-03
9.634099904128902436e-02 1.100154661451673569e-04 4.354911849343828659e-05 8.423779593699659909e-03
9.778738094471019215e-02 9.901600630883252742e-05 4.086407325850279366e-05 8.551399110295036451e-03
9.925551236467955452e-02 4.051014190834716436e-05 2.286012219432169605e-05 8.680994552312080656e-03
1.007457198376923435e-01 3.678867947526192462e-05 2.346070659334323574e-05 8.812598367583898695e-03
1.022583348103199841e-01 2.275387340739679486e-05 1.783397668684816816e-05 8.946243622756810954e-03
1.037936937129290138e-01 4.070774089012584263e-05 2.841692637129563211e-05 9.081964018634728839e-03
1.053521380345088382e-01 4.596457440235987341e-05 3.254562075975687833e-05 9.219793906027666519e-03
1.069340143986245717e-01 3.985195427301870018e-05 2.647535149918600945e-05 9.359768302123802619e-03
1.085396746405115215e-01 5.459487391366983644e-05 3.163282564640879064e-05 9.501922907405653540e-03
1.101694758853294931e-01 1.199371699056663968e-05 1.199602021107749817e-05 9.646294123131419693e-03
1.118237806275929336e-01 5.910102738290737225e-05 4.180902547719387381e-05 9.792919069403681342e-03
