1.558699611569316044e-02 8.126889954552229955e-01 7.276094969796191581e-02 1.354727917731324543e-03
1.581389382152628698e-02 8.300607422052783679e-01 7.063874121688819285e-02 1.374579480301103915e-03
1.604430879485049116e-02 7.867847468134628874e-01 6.131545302636320915e-02 1.394736767929745771e-03
1.627829228380730034e-02 7.084614419713454181e-01 4.859611731459150680e-02 1.415204265993313081e-03
1.651589633023143461e-02 8.463468820331168097e-01 6.180679111425897709e-02 1.435986529334603917e-03
1.675717378122598689e-02 7.520102671480756173e-01 5.223841069949707733e-02 1.457088183296400240e-03
1.700217830091653101e-02 8.234401548047627362e-01 5.752772336002440201e-02 1.478513924771790488e-03
1.725096438238707744e-02 8.241393880902688762e-01 5.648100179107701235e-02 1.500268523271866723e-03
1.750358735980030514e-02 7.209712755384095617e-01 4.742572037030298032e-02 1.522356822011098829e-03
1.776010342070492853e-02 6.165777255798725598e-01 3.944712960977236199e-02 1.544783739010680218e-03
1.802056961853279460e-02 5.103691431150898516e-01 3.028318745296738196e-02 1.567554268220169899e-03
1.828504388528863142e-02 5.244282115687095569e-01 3.116841546141658342e-02 1.590673480657750927e-03
1.855358504443517867e-02 4.338096777172415486e-01 2.457281942758392235e-02 1.614146525569427719e-03
1.882625282397655878e-02 3.246874062606660560e-01 1.723290873389589362e-02 1.637978631607511087e-03
1.910310786974287606e-02 2.441799359380484591e-01 1.255158180404601469e-02 1.662175108028724748e-03
1.938421175887890258e-02 1.584912918710325580e-01 7.884319816475910195e-03 1.686741345912298653e-03
1.966962701353996978e-02 1.227012210419977101e-01 6.248491383505776729e-03 1.711682819398413881e-03
1.995941711479795252e-02 9.687933360891899659e-02 5.092572525095442025e-03 1.737005086947355581e-03
2.025364651676059627e-02 5.913958803713573187e-02 3.346813881057769842e-03 1.762713792619781828e-03
2.055238066090726151e-02 4.038305316821570734e-02 2.544511348860385193e-03 1.788814667378481153e-03
2.085568599064420783e-02 3.443061790355494284e-02 2.107986820346206391e-03 1.815313530412031610e-03
2.116362996608281422e-02 4.188873578042735801e-02 2.413578073048949692e-03 1.842216290480771851e-03
2.147628107904381300e-02 4.174525547779575629e-02 2.235760575542419110e-03 1.869528947285504020e-03
2.179370886829112841e-02 5.436107719410702976e-02 2.657820083672086161e-03 1.897257592859382530e-03
2.211598393499843856e-02 6.833308461743668738e-02 3.103242615940502141e-03 1.925408412983406134e-03
2.244317795845211794e-02 6.961696160717703585e-02 2.973018859201632599e-03 1.953987688625998583e-03
2.277536371199394630e-02 7.513082522584228762e-02 3.034246190518615632e-03 1.983001797407147118e-03
2.311261507920712305e-02 7.649841375130245202e-02 2.953491059320313781e-03 2.012457215087547647e-03
2.345500707034921944e-02 7.673164696120442219e-02 2.820024937378618271e-03 2.042360517083330589e-03
2.380261583903581918e-02 7.578188232820017023e-02 2.690391598150820417e-03 2.072718380006787191e-03
2.415551869917828554e-02 7.502340206335500472e-02 2.711833875977775858e-03 2.103537583233690885e-03
2.451379414217973174e-02 6.482199322026163668e-02 2.358467388117756192e-03 2.134825010497732808e-03
2.487752185439284086e-02 5.676085771575078293e-02 2.099727200597081064e-03 2.166587651512613157e-03
2.524678273484342803e-02 4.959543780659420031e-02 1.896738018430961211e-03 2.198832603622384238e-03
2.562165891322376599e-02 4.061025004214677270e-02 1.585291922754851002e-03 2.231567073480619865e-03
2.600223376815963966e-02 3.070129858468996845e-02 1.268527576439796483e-03 2.264798378759019966e-03
2.638859194575508132e-02 2.360338577028397999e-02 1.062768416953031305e-03 2.298533949886074484e-03
2.678081937841917531e-02 1.827859611719288152e-02 9.075909836774626212e-04 2.332781331816424948e-03
2.717900330397880065e-02 1.133995900094150397e-02 6.653981500699554736e-04 2.367548185831595039e-03
2.758323228508180111e-02 7.829334326402485195e-03 5.271651298628029234e-04 2.402842291372744594e-03
2.799359622889483271e-02 6.504352996838069258e-03 4.571491145403454260e-04 2.438671547906195135e-03
2.841018640710017001e-02 5.685364266376642141e-03 4.203702257905304125e-04 2.475043976822385687e-03
2.883309547619607519e-02 5.052822598089081081e-03 3.906954181928308273e-04 2.511967723369059897e-03
2.926241749810515325e-02 5.959087652953031118e-03 4.192829840421689186e-04 2.549451058619423005e-03
2.969824796109530110e-02 8.679279397206819333e-03 5.063167495901008553e-04 2.587502381476059713e-03
3.014068380101784725e-02 1.118420073397585583e-02 5.678448368710909463e-04 2.626130220711433028e-03
3.058982342286773251e-02 1.189118702004330827e-02 5.793105230484667158e-04 2.665343237045811938e-03
3.104576672267039816e-02 1.404361856475032193e-02 6.143154970012852222e-04 2.705150225263480528e-03
3.150861510970033585e-02 1.502895245165507439e-02 6.318962212324626430e-04 2.745560116368137970e-03
3.197847152903620510e-02 1.669389699933863241e-02 6.509203480090368799e-04 2.786581979778395782e-03
3.245544048445746926e-02 1.624656528780548531e-02 6.237790293902918280e-04 2.828225025564342059e-03
3.293962806168778540e-02 1.521055842047930144e-02 5.994116517278359757e-04 2.870498606726161039e-03
3.343114195199030358e-02 1.409103601810287286e-02 5.545034697291645548e-04 2.913412221515799400e-03
3.393009147611991683e-02 1.172705137685762199e-02 4.819784982599004466e-04 2.956975515802752648e-03
3.443658760863797103e-02 1.053857664137646845e-02 4.579944571807840949e-04 3.001198285485045386e-03
3.495074300259493061e-02 7.926632983111272374e-03 3.787736961477976652e-04 3.046090478946535205e-03
3.547267201458621788e-02 5.990259357691794101e-03 3.174960192754603620e-04 3.091662199561690319e-03
3.600249073018699925e-02 4.742718251943383624e-03 2.778065239083775265e-04 3.137923708249046144e-03
3.654031698977160819e-02 3.347879170189065317e-03 2.299437835064899703e-04 3.184885426074568135e-03
3.708627041472311453e-02 2.381327406837341083e-03 1.844658012901981238e-04 3.232557936906221494e-03
3.764047243403912529e-02 1.766079425667247587e-03 1.561008191688314812e-04 3.280951990121050519e-03
3.820304631133957657e-02 1.532578780561035230e-03 1.444765199620566098e-04 3.330078503366153651e-03
3.877411717228262250e-02 1.810939416891414093e-03 1.561102848610748271e-04 3.379948565374973641e-03
3.935381203239462361e-02 1.958751366776383465e-03 1.620159317285158735e-04 3.430573438840351340e-03
3.994225982532052105e-02 2.656026466385082597e-03 1.866880353920843223e-04 3.481964563345910438e-03
4.053959143150074468e-02 3.005475131816592437e-03 1.962467452570848493e-04 3.534133558357261534e-03
4.114593970728122607e-02 3.557719314863964314e-03 2.035548335683190751e-04 3.587092226274775017e-03
4.176143951446284475e-02 3.956127276081878100e-03 2.120327322486898706e-04 3.640852555549490069e-03
4.238622775029688566e-02 3.497226887920738218e-03 1.982590461895963646e-04 3.695426723864002946e-03
4.302044337793320405e-02 3.949022975577204907e-03 2.117410161672671144e-04 3.750827101380086598e-03
4.366422745732801564e-02 3.330017958097840434e-03 1.879072555674760514e-04 3.807066254054951131e-03
4.431772317661789029e-02 2.887540865853473627e-03 1.740068983671980293e-04 3.864156947028092332e-03
4.498107588396709627e-02 2.404819708774743204e-03 1.576899673554829357e-04 3.922112148080724933e-03
4.565443311989553221e-02 1.937837241856105869e-03 1.408633691617803510e-04 3.980945031169921301e-03
4.633794465009410252e-02 1.614726528034924951e-03 1.240627881959188304e-04 4.040668980039604889e-03
4.703176249873505105e-02 1.063942482570237472e-03 9.752346081100059889e-05 4.101297591910663988e-03
4.773604098228471232e-02 8.533823379799940038e-04 8.687058138947593663e-05 4.162844681252514216e-03
4.845093674382587590e-02 7.450449327769886150e-04 8.216362612844049654e-05 4.225324283638543996e-03
4.917660878789801432e-02 7.749070311293906497e-04 8.384055439361580984e-05 4.288750659687945790e-03
4.991321851586223712e-02 8.154227821527715867e-04 8.524051498536730173e-05 4.353138299096542124e-03
5.066092976179985274e-02 1.097268828265971635e-03 9.791315175491528407e-05 4.418501924759351586e-03
5.141990882895160903e-02 1.239788206417311977e-03 1.031292996851418365e-04 4.484856496987644353e-03
5.219032452670625821e-02 1.336606439930709649e-03 1.062724765621681611e-04 4.552217217823469227e-03
5.297234820814663431e-02 1.231530921510508520e-03 1.032005880675006617e-04 4.620599535454661053e-03
5.376615380816132661e-02 1.462731768305263261e-03 1.123453940198174204e-04 4.690019148733473586e-03
5.457191788213065081e-02 1.053918069306067004e-03 9.305798049137323279e-05 4.760492011802126833e-03
5.538981964519551493e-02 9.626536796992615557e-04 8.983905926388107972e-05 4.832034338828654178e-03
5.622004101211770799e-02 7.908627476307420693e-04 8.173737574791836887e-05 4.904662608856588148e-03
5.706276663774086100e-02 7.089087511403291452e-04 7.746873449962228108e-05 4.978393570772178013e-03
5.791818395806060116e-02 5.204436247072610636e-04 6.663657560103644260e-05 5.053244248392907943e-03
5.878648323191348196e-02 3.681174484946977054e-04 5.545163585564212767e-05 5.129231945681328973e-03
5.966785758329357786e-02 2.787359055305446524e-04 4.903146111636424759e-05 5.206374252088302214e-03
6.056250304430649267e-02 3.322506034473741814e-04 5.449151485135717574e-05 5.284689048029936331e-03
6.147061859877015616e-02 4.316008161812603548e-04 6.250590211205492319e-05 5.364194510502701824e-03
6.239240622647197060e-02 4.397852016900838422e-04 6.341092132603125904e-05 5.444909118841319978e-03
6.332807094809252135e-02 4.521674088142954681e-04 6.253971676324021026e-05 5.526851660624272460e-03
6.427782087080549656e-02 3.997440235455318978e-04 5.844705867230080073e-05 5.610041237731927533e-03
6.524186723456418258e-02 3.736535319845449526e-04 5.941880278040287568e-05 5.694497272562500101e-03
6.622042445908465913e-02 3.907115886297094485e-04 5.967547092455460816e-05 5.780239514411278715e-03
6.721371019153626891e-02 4.037204588423812896e-04 5.946525941507222856e-05 5.867288046018722704e-03
6.822194535494988110e-02 2.914917508102313204e-04 5.205650160843484670e-05 5.955663290293342245e-03
6.924535419735487751e-02 2.212315079411679506e-04 4.891018113537020295e-05 6.045386017215435490e-03
7.028416434165551951e-02 1.770850977831886670e-04 4.487553400601209134e-05 6.136477350928046595e-03
7.133860683625806165e-02 2.116973218278840607e-04 5.011041351149141896e-05 6.228958777021733131e-03
7.240891620645967253e-02 2.422809613105697394e-04 5.200116095671955671e-05 6.322852150020067015e-03
7.349533050661079259e-02 3.004536885267093931e-04 5.732245093409441087e-05 6.418179701072958786e-03
7.459809137306211424e-02 2.410601970992301384e-04 5.316965340106058490e-05 6.514964045865309639e-03
7.571744407790875764e-02 1.984448450672365242e-04 4.897682801456830091e-05 6.613228192748727211e-03
7.685363758354256392e-02 2.046343313305766423e-04 5.074437117537548381e-05 6.712995551104344698e-03
7.800692459802553713e-02 1.211065796480193370e-04 3.893744954596310075e-05 6.814289939945192276e-03
7.917756163129625879e-02 1.291228772903860492e-04 4.098940215714970056e-05 6.917135596766823061e-03
8.036580905222186211e-02 8.859592311569437306e-05 3.400659015444341358e-05 7.021557186655283563e-03
8.157193114650837518e-02 1.039939303758111199e-04 3.740443346142523749e-05 7.127579811661976551e-03
8.279619617548208965e-02 1.091230770081435603e-04 3.503621618723623879e-05 7.235229020455158540e-03
8.403887643575549959e-02 1.195888061119528180e-04 3.661135803715735498e-05 7.344530818258457674e-03
8.530024831979031441e-02 1.454213264735262348e-04 4.566310596773891689e-05 7.455511677086988642e-03
8.658059237737175673e-02 1.259743562976695336e-04 4.417614902184340708e-05 7.568198546292289122e-03
8.788019337800745401e-02 1.139175101453462414e-04 3.679011699324201726e-05 7.682618863427598949e-03
8.919934037426482942e-02 1.573546726847519070e-04 4.400987094360315815e-05 7.798800565445533108e-03
9.053832676606111962e-02 8.592166157495170157e-05 3.465202930955628712e-05 7.916772100240755672e-03
9.189745036592036898e-02 2.401348628648314944e-05 1.720931979191773990e-05 8.036562438550672038e-03
9.327701346521176384e-02 7.194051661758156491e-05 3.508178810862173718e-05 8.158201086227773527e-03
9.467732290138418383e-02 9.292621203972368116e-05 3.899899005057346055e-05 8.281718096897785347e-03
9.609869012621198581e-02 3.808749318698619415e-05 2.182485262711793264e-05 8.407144085018381299e-03
9.754143127506680055e-02 8.992661898324313962e-05 3.873781260176356611e-05 8.534510239353776742e-03
9.900586723723148186e-02 5.639271973858384106e-05 3.283820515730313284e-05 8.663848336881285056e-03
1.004923237272708075e-01 3.377553775308347135e-05 2.252860295003760030e-05 8.795190757146270633e-03
1.020011313574760714e-01 1.007739731890950035e-04 4.313925548986564761e-05 8.928570497083093693e-03
1.035326257113984849e-01 8.699015970230856640e-05 4.308543166532202923e-05 9.064021186319807036e-03
1.050871474184885135e-01 1.138385862451336860e-04 5.101052314929763952e-05 9.201577102985582582e-03
1.066650422298574125e-01 5.154658581408086285e-05 3.159881106692043754e-05 9.341273190040202956e-03
1.082666610951779768e-01 6.808444320186573140e-06 6.809777296122107655e-06 9.483145072146174567e-03
1.098923602407415184e-01 1.891860196448238817e-05 1.338260911471130292e-05 9.627229073104376020e-03
1.115425012486884054e-01 4.511651299376861883e-05 2.761706467218781177e-05 9.773562233875448049e-03
1.132174511374299669e-01 5.524225157100951834e-05 3.908176682919882721e-05 9.922182331209759149e-03
1.149175824432790705e-01 5.330633259479890468e-05 3.915984088760450418e-05 1.007312789690975249e-02
1.166432733033087588e-01 1.571572956015358975e-05 1.571962297905270985e-05 1.022643823774961082e-02
