1.558725993822575664e-02 7.521216852475989256e-01 6.763782357444639293e-02 1.354745994231007283e-03
1.581416160812809321e-02 8.103537391107634713e-01 6.906160781135047000e-02 1.374597826547559968e-03
1.604458060508160908e-02 8.431580241985865420e-01 6.548319285728343431e-02 1.394755388000444183e-03
1.627856817812274245e-02 7.152256442262530101e-01 4.904297867180621578e-02 1.415223164026791890e-03
1.651617636999459793e-02 8.339701901132956507e-01 6.095599261066290964e-02 1.436005709531396491e-03
1.675745802872227741e-02 7.772826033843225346e-01 5.392413325716918782e-02 1.457107649919974412e-03
1.700246681936722765e-02 8.177979835523929708e-01 5.715170141073028925e-02 1.478533682149502006e-03
1.725125723596338673e-02 7.865649156184515434e-01 5.400704725637613807e-02 1.500288575795928961e-03
1.750388461363764150e-02 6.889063910841312088e-01 4.540565775297965984e-02 1.522377174139567671e-03
1.776040514091739228e-02 6.037127217220448205e-01 3.867014496168107163e-02 1.544804395268452833e-03
1.802087587222788931e-02 4.729670117543976482e-01 2.818591455805666973e-02 1.567575233199999980e-03
1.828535474058217564e-02 4.660161856179030337e-01 2.788350538958557154e-02 1.590694759021280425e-03
1.855390057046646737e-02 3.845139983589185850e-01 2.196711121118300955e-02 1.614168122048233525e-03
1.882657309092373304e-02 2.911647233099665666e-01 1.561078295887385198e-02 1.638000551004169074e-03
1.910343294883853904e-02 2.141902477981386388e-01 1.118705957932540976e-02 1.662197355217889631e-03
1.938454172242596099e-02 1.376392015643245204e-01 7.017495357189862219e-03 1.686763925841802507e-03
1.966996193492770093e-02 1.079876211140515935e-01 5.655641739241987383e-03 1.711705737090378314e-03
1.995975706851834883e-02 8.068618111180093921e-02 4.432260584917411747e-03 1.737028347499326459e-03
2.025399157842492845e-02 5.132105588827996084e-02 3.024717965921630124e-03 1.762737401205877229e-03
2.055273090726288110e-02 4.052411766529765563e-02 2.547440413399402592e-03 1.788838629250560572e-03
2.085604149959164114e-02 3.858831455824140305e-02 2.268153382881029582e-03 1.815337850900881640e-03
2.116399081669305751e-02 4.741875339519232430e-02 2.623526506147212407e-03 1.842240974997310949e-03
2.147664735157594693e-02 4.952180986839085919e-02 2.508058091024313162e-03 1.869554001322008092e-03
2.179408064421015437e-02 6.075247863201432841e-02 2.869917204196937178e-03 1.897283021990726773e-03
2.211636129699340314e-02 7.239155038366386352e-02 3.231796270983944373e-03 1.925434222868329867e-03
2.244356099045451136e-02 8.312186263928897367e-02 3.372056442405995530e-03 1.954013885008389594e-03
2.277575249919634726e-02 8.540873814137246722e-02 3.321462575022634828e-03 1.983028386117342053e-03
2.311300970808216615e-02 8.569771388774684306e-02 3.203581067780858233e-03 2.012484202043659728e-03
2.345540762866883330e-02 8.000466428155734999e-02 2.904591337380976225e-03 2.042387908292594891e-03
2.380302241589072818e-02 7.610276453563698251e-02 2.696850263446617154e-03 2.072746181566926735e-03
2.415593138499784118e-02 7.190950369014996457e-02 2.632349137750896167e-03 2.103565801334308320e-03
2.451421302875201463e-02 6.611631743185228394e-02 2.390465944651936139e-03 2.134853651421718575e-03
2.487794703488508535e-02 5.864177735349720977e-02 2.146841700478247482e-03 2.166616721637583572e-03
2.524721430382273132e-02 4.897895159526406000e-02 1.881438973662546022e-03 2.198862109422135627e-03
2.562209696667814771e-02 3.702963907817909822e-02 1.494489028533206067e-03 2.231597021526613052e-03
2.600267840351934770e-02 2.973522518507510509e-02 1.243455826771315120e-03 2.264828775721881241e-03
2.638904326191431754e-02 2.118274544982907959e-02 9.949716226350529841e-04 2.298564802537129536e-03
2.678127747575803977e-02 1.498630390359473666e-02 8.102318270441886830e-04 2.332812647029249269e-03
2.717946828438563833e-02 1.091301954560956744e-02 6.517350929390604937e-04 2.367579970583594696e-03
2.758370425197588169e-02 8.113594818144952842e-03 5.408597847427309546e-04 2.402874552746765181e-03
2.799407528724931135e-02 5.511219032240556072e-03 4.172666174067687353e-04 2.438704293092147646e-03
2.841067266346548881e-02 5.525822914482272571e-03 4.158998642026319925e-04 2.475077213118911414e-03
2.883358903872361087e-02 6.801816509767999973e-03 4.598945881316957138e-04 2.512001458185212678e-03
2.926291847657128478e-02 7.403915062077781779e-03 4.716063257048290036e-04 2.549485299476381400e-03
2.969875646692585885e-02 8.999804676477535584e-03 5.184441991664296171e-04 2.587537136008876467e-03
3.014119994731285709e-02 1.101180065586296677e-02 5.600089443850514654e-04 2.626165496670799290e-03
3.059034732442658666e-02 1.377651476390839326e-02 6.299335149803312207e-04 2.665379042299861802e-03
3.104629849601739031e-02 1.423176365080089725e-02 6.201683119009206071e-04 2.705186567799620738e-03
3.150915487311057445e-02 1.470015174918869356e-02 6.239826964493138317e-04 2.745597004294910142e-03
3.197901940256190484e-02 1.506902791189541901e-02 6.143895142903445933e-04 2.786619421327368989e-03
3.245599658995467623e-02 1.457148123410277607e-02 5.875680748561844116e-04 2.828263029092038371e-03
3.294019252284349775e-02 1.423170949634771330e-02 5.769298523643337420e-04 2.870537180716015331e-03
3.343171489434993565e-02 1.201890652816490004e-02 5.070327675065058664e-04 2.913451374580147777e-03
3.393067302711522126e-02 1.060019696374065942e-02 4.582697446889715930e-04 2.957015256684855133e-03
3.443717789761541886e-02 9.008548488558981368e-03 4.203160609508913665e-04 3.001238623061149805e-03
3.495134216084447298e-02 6.870215583671256121e-03 3.511484262289795940e-04 3.046131422227972736e-03
3.547328017537045020e-02 5.333404975682024679e-03 2.982066455748871923e-04 3.091703757697002262e-03
3.600310802877087352e-02 4.150960209100981735e-03 2.578706786412101183e-04 3.137965890526157962e-03
3.654094356345242989e-02 2.640860523274764313e-03 2.038975160860384095e-04 3.184928241922990386e-03
3.708690640286114309e-02 1.727465925210918156e-03 1.578356066891254740e-04 3.232601395899297597e-03
3.764111797808853549e-02 2.048162024779968948e-03 1.705637255199569783e-04 3.280996101978239220e-03
3.820370155487996106e-02 1.672482145598971556e-03 1.510805595035519928e-04 3.330123277955354850e-03
3.877478226105088993e-02 2.104266455558187129e-03 1.689726409732626743e-04 3.379994012714891954e-03
3.935448711431740326e-02 2.515092710865260775e-03 1.843062379553905199e-04 3.430619569102904328e-03
3.994294505054709482e-02 2.964776267489266110e-03 1.975236221769668607e-04 3.482011386858677171e-03
4.054028695243643704e-02 3.773513133945913429e-03 2.219416343379177999e-04 3.534181085605982327e-03
4.114664567862130057e-02 3.932769093028602204e-03 2.168211723509028263e-04 3.587140467905884991e-03
4.176215609322689315e-02 4.110338292954514652e-03 2.175708393030563275e-04 3.640901522372706929e-03
4.238695509586375837e-02 4.461501965720863182e-03 2.265654494229891363e-04 3.695476426854958554e-03
4.302118165207649558e-02 3.772154522660530092e-03 2.070062851393038273e-04 3.750877551683012325e-03
4.366497682425198729e-02 3.314293436448778434e-03 1.879954589589629213e-04 3.807117462985401372e-03
4.431848380299403117e-02 3.006896352967130571e-03 1.773296331089977047e-04 3.864208926075728308e-03
4.498184793897117700e-02 2.468741533954739355e-03 1.592070677057093070e-04 3.922164908912145753e-03
4.565521677524525535e-02 1.908673458394297183e-03 1.406261976701851299e-04 3.980998585631552282e-03
4.633874008008725259e-02 1.115868852551052653e-03 1.016111545356060322e-04 4.040723340160631838e-03
4.703256988028829688e-02 8.708246539280087165e-04 8.859035782987433700e-05 4.101352769906032106e-03
4.773686049497292971e-02 6.094427817165102863e-04 7.419516160917756845e-05 4.162900689525975140e-03
4.845176856992215730e-02 8.287570746776439044e-04 8.744924209385468385e-05 4.225381134785776566e-03
4.917745311241407402e-02 7.950078607091317067e-04 8.473003189721486027e-05 4.288808366499711512e-03
4.991407552658972541e-02 1.133221610183594852e-03 1.011388410974633448e-04 4.353196874561930836e-03
5.066179964935197538e-02 1.163086796415336048e-03 9.992789595542140636e-05 4.418561382069065291e-03
5.142079178680563495e-02 1.299376571731097885e-03 1.049877568604704991e-04 4.484916849537360847e-03
5.219122075124647125e-02 1.218661701681934134e-03 1.005675488448960867e-04 4.552278479217266444e-03
5.297325789870808294e-02 1.381995773382899617e-03 1.103037236465631408e-04 4.620661719508511664e-03
5.376707716707409407e-02 1.123740022425988392e-03 9.697916641615572523e-05 4.690082269478802919e-03
5.457285511476490242e-02 9.218901746575919624e-04 8.653679320236954959e-05 4.760556083489452320e-03
5.539077096000712824e-02 8.860890800846247563e-04 8.692585564481126895e-05 4.832099375931290727e-03
5.622100662069472177e-02 7.536017035902880384e-04 8.032627053448911450e-05 4.904728626074433308e-03
5.706374675485043763e-02 5.271394478590104389e-04 6.642812326128875750e-05 4.978460583035570867e-03
5.791917880169685645e-02 4.470527113187447118e-04 6.134870026446912861e-05 5.053312270866570401e-03
5.878749302334593252e-02 4.532788069603885315e-04 6.188551215323970711e-05 5.129300993768389459e-03
5.966888254711640721e-02 3.967357979310828092e-04 5.931512384001050905e-05 5.206444341434400894e-03
6.056354340848846968e-02 5.070575557685746016e-04 6.852747506210860517e-05 5.284760194527423141e-03
6.147167459470530976e-02 4.956797235472722900e-04 6.739184253296512676e-05 5.364266730294909961e-03
6.239347808903111109e-02 5.852099150243408572e-04 7.341924229750922820e-05 5.444982428326948683e-03
6.332915891567543476e-02 5.008020037443051660e-04 6.604102019533412038e-05 5.526926076461846984e-03
6.427892518539402023e-02 4.015652335382798011e-04 5.949036739566564261e-05 5.610116776844376214e-03
6.524298814177600936e-02 4.696966405627308119e-04 6.686891787770256616e-05 5.694573952141811224e-03
6.622156220822789097e-02 3.988257389994578775e-04 6.094080492710704630e-05 5.780317351923263194e-03
6.721486503566498349e-02 3.807115527239218018e-04 6.020305005055430378e-05 5.867367059207901671e-03
6.822311755092035079e-02 2.498209646709952016e-04 4.921190243925931384e-05 5.955743497187920496e-03
6.924654400588267644e-02 1.586961951017277421e-04 4.005092590700225116e-05 6.045467436132393770e-03
7.028537202737358824e-02 1.279424117915406206e-04 3.648580130195517543e-05 6.136560000478363981e-03
7.133983266777550736e-02 1.053897840843243675e-04 3.523552922851395561e-05 6.229042676115705696e-03
7.241016045642152676e-02 2.411096396214892760e-04 5.300249187457093183e-05 6.322937317872767866e-03
7.349659345175860170e-02 2.464614077821281708e-04 5.082041299313585613e-05 6.418266157209809135e-03
7.459937329429562614e-02 2.897065551946202385e-04 5.858033998702063118e-05 6.515051810127802517e-03
7.571874526034823305e-02 1.946437943769301071e-04 4.669452299926184923e-05 6.613317285300257878e-03
7.685495831659232280e-02 1.878893521670363940e-04 4.654423151343251632e-05 6.713085992436208446e-03
7.800826517543828220e-02 1.603120653389728044e-04 4.375898709349049253e-05 6.814381750882703669e-03
7.917892235123835665e-02 1.246527322809512885e-04 3.934994582408829912e-05 6.917228798475593896e-03
8.036719021733972068e-02 1.423083310729047752e-04 4.123745866953864794e-05 7.021651800647652625e-03
8.157333306399579265e-02 1.952315810224822712e-04 4.951092991684926515e-05 7.127675859803598961e-03
8.279761915714847764e-02 1.119814224720058353e-04 3.918192418959825303e-05 7.235326524971751223e-03
8.404032079809529987e-02 8.788861200990351287e-05 3.170686019997381660e-05 7.344629801742720912e-03
8.530171438405342865e-02 1.455436568259494638e-04 4.387687662016585274e-05 7.455612162505702821e-03
8.658208046963487836e-02 1.147578198951586958e-04 4.153247902293464872e-05 7.568300556993578891e-03
8.788170382924667678e-02 8.082741207558836387e-05 3.218368838227119566e-05 7.682722423148394264e-03
8.920087352042931073e-02 1.088429728971242037e-04 3.767538921157270108e-05 7.798905698319229772e-03
9.053988294814768745e-02 1.001366746843818675e-04 3.746402637761117431e-05 7.916878830805053682e-03
9.189902993004940568e-02 1.771861977717950284e-04 5.325089905920893043e-05 8.036670791755627305e-03
9.327861676270425562e-02 7.594344348614933521e-05 3.521865919025780634e-05 8.158311087444084647e-03
9.467895028883976938e-02 8.606971226106949289e-05 3.726805808884989534e-05 8.281829771925264261e-03
9.610034196558828179e-02 7.365408730566387488e-05 3.511999913160323775e-05 8.407257460094668539e-03
9.754310793376000377e-02 1.319882520377990351e-04 4.856757097861538573e-05 8.534625341163311688e-03
9.900756908815794288e-02 6.613779513779628402e-05 3.358478566350893727e-05 8.663965192564472215e-03
1.004940511489500893e-01 5.402093921605781988e-05 3.147514537000933052e-05 8.795309394308947759e-03
1.020028847341150485e-01 4.858805364259755554e-05 3.083337659842865826e-05 8.928690943806225425e-03
1.035344054329769142e-01 1.094501677819248594e-04 4.885325201228988971e-05 9.064143471169480368e-03
1.050889538808455759e-01 4.597788933728354135e-05 3.255504854613733425e-05 9.201701255023241738e-03
1.066668758347800172e-01 6.500564153314544616e-05 3.653195107295189963e-05 9.341399238833224261e-03
1.082685222504898570e-01 5.461068885817390651e-05 3.164198902936694689e-05 9.483273047778689388e-03
1.098942493603941861e-01 7.577943119994327208e-05 4.136118673340744288e-05 9.627359006188452792e-03
1.115444187528530223e-01 8.170065049734177669e-05 4.617493178875730627e-05 9.773694155562560534e-03
1.132193974525908670e-01 2.765081385867841887e-05 2.765775050204677309e-05 9.922316273202610309e-03
1.149195580023286423e-01 3.414860649998711299e-05 3.415728166122873551e-05 1.007326389147443664e-02
1.166452785456437713e-01 3.597576157145008873e-05 3.598467427694267720e-05 1.022657631772814352e-02
