1.558837565918074278e-02 7.873448565124994136e-01 7.062239243890977569e-02 1.354822441523758844e-03
1.581529409336413991e-02 8.526335014794128586e-01 7.246701181446432716e-02 1.374675414626781158e-03
1.604573010648186610e-02 8.298296570911555259e-01 6.450302162956361718e-02 1.394834134110152848e-03
1.627973495135504392e-02 7.172962802589739617e-01 4.917619490109896574e-02 1.415303085669276061e-03
1.651736067456831963e-02 8.742345731577069179e-01 6.376881082541917267e-02 1.436086824471125099e-03
1.675866012804604760e-02 8.023463933151125937e-01 5.558300081316460556e-02 1.457189976187570893e-03
1.700368698080754332e-02 8.274526174616543273e-01 5.779965970376008816e-02 1.478617238045783168e-03
1.725249573090404179e-02 8.303471427916189196e-01 5.689920229528627749e-02 1.500373379895998715e-03
1.750514171754011944e-02 7.462040402946332751e-01 4.902226034773619900e-02 1.522463245296983838e-03
1.776168113338211577e-02 6.441446124489209613e-01 4.114073501842521741e-02 1.544891752619452063e-03
1.802217103705640311e-02 5.135317304900489654e-01 3.047048162258056067e-02 1.567663896167791841e-03
1.828666936584028707e-02 5.111435597468307890e-01 3.042793564052011582e-02 1.590784747320409366e-03
1.855523494854829925e-02 4.667467648643580658e-01 2.632377088378636681e-02 1.614259455689005677e-03
1.882792751861676883e-02 3.375504194706595018e-01 1.785883404505167818e-02 1.638093250297152767e-03
1.910480772738962219e-02 2.691432768171412859e-01 1.369318624514054283e-02 1.662291440778482709e-03
1.938593715760830380e-02 1.880160950228642602e-01 9.115954975744655978e-03 1.686859418594873579e-03
1.967137833710889613e-02 1.433029558873432086e-01 7.098221795209314240e-03 1.711802658274979780e-03
1.996119475272939078e-02 1.018938068932541546e-01 5.289211206235936574e-03 1.737126718673481481e-03
2.025545086443029594e-02 6.523028842082494172e-02 3.577453407973506076e-03 1.762837244251445412e-03
2.055421211963163672e-02 5.200157960619977010e-02 3.011561564376991160e-03 1.788939966378173254e-03
2.085754496776964090e-02 3.819862418254666575e-02 2.256781932747952465e-03 1.815440704654962614e-03
2.116551687507621515e-02 3.650841576295126012e-02 2.207233961015043870e-03 1.842345368261171998e-03
2.147819633958461538e-02 3.469681055563255540e-02 1.982629636484612920e-03 1.869659957323026268e-03
2.179565290636460706e-02 4.746638789849886436e-02 2.429421205218133470e-03 1.897390564305604732e-03
2.211795718299046365e-02 6.078054806832990792e-02 2.862230210221749626e-03 1.925543375428437299e-03
2.244518085524534190e-02 6.139501554029475755e-02 2.720303395433020834e-03 1.954124672105192039e-03
2.277739670306538899e-02 7.243694576061837642e-02 2.949098602018294414e-03 1.983140832407914288e-03
2.311467861672726956e-02 7.193421413233461181e-02 2.823455179111634267e-03 2.012598332556290223e-03
2.345710161328260282e-02 7.455470755741572253e-02 2.766872176569872086e-03 2.042503748432474182e-03
2.380474185324307421e-02 7.122990278077161175e-02 2.576758850614091923e-03 2.072863757121934034e-03
2.415767665751977072e-02 7.057999085886972057e-02 2.598831213093980626e-03 2.103685138480880512e-03
2.451598452462071601e-02 6.274826283104420477e-02 2.306949572585112115e-03 2.134974776730828080e-03
2.487974514811024801e-02 5.614430437756513792e-02 2.084815455285366978e-03 2.166739662080799465e-03
2.524903943433417716e-02 5.020248074809929850e-02 1.912971366324146870e-03 2.198986892377787980e-03
2.562394952041479462e-02 4.034282583851395848e-02 1.583082618873622466e-03 2.231723674786056585e-03
2.600455879251948113e-02 3.438144462767630388e-02 1.366246792344134311e-03 2.264957327495860893e-03
2.639095190440724978e-02 2.570096805645905383e-02 1.118520134512085949e-03 2.298695281462249246e-03
2.678321479625712237e-02 1.921935241076352247e-02 9.365851478052114078e-04 2.332945082174543976e-03
2.718143471378268658e-02 1.308502731225289102e-02 7.249827072142672833e-04 2.367714391457211628e-03
2.758570022763700072e-02 8.807350423330953873e-03 5.638038027839497581e-04 2.403010989302754429e-03
2.799610125311218986e-02 6.868578060169809422e-03 4.714857497243880977e-04 2.438842775737364195e-03
2.841272907013811869e-02 4.822505237143881289e-03 3.891777457468044692e-04 2.475217772720027763e-03
2.883567634358451953e-02 5.466313952201103110e-03 4.099554070587997949e-04 2.512144126075850289e-03
2.926503714387128363e-02 5.971296452079854523e-03 4.205318198604351054e-04 2.549630107464363141e-03
2.970090696789125587e-02 6.781565132413774205e-03 4.458109281911582541e-04 2.587684116383588782e-03
3.014338276025031044e-02 8.414691834540450818e-03 4.848314115531954065e-04 2.626314682210687933e-03
3.059256293482945019e-02 1.096301613343355665e-02 5.536873702379308893e-04 2.665530466280045113e-03
3.104854739667372784e-02 1.234034771506828734e-02 5.722257029388824398e-04 2.705340263999636910e-03
3.151143756421272840e-02 1.340916321398903308e-02 5.910667681469079608e-04 2.745753007006585932e-03
3.198133639181779952e-02 1.531716414378928547e-02 6.198826895838260072e-04 2.786777765362831102e-03
3.245834839270068245e-02 1.509591100905178195e-02 5.991866364336600375e-04 2.828423749791850617e-03
3.294257966215907718e-02 1.540384002451964350e-02 6.040643958672106163e-04 2.870700313957459324e-03
3.343413790117399226e-02 1.387839761496081556e-02 5.490324786543174327e-04 2.913616956785642850e-03
3.393313244036418042e-02 1.292341341567531526e-02 5.121475021709912196e-04 2.957183324830523537e-03
3.443967426430309675e-02 1.025877884278796927e-02 4.510547018395060490e-04 3.001409214685528057e-03
3.495387603620372929e-02 8.728830820635698207e-03 3.997292630158211799e-04 3.046304575440869546e-03
3.547585212297669349e-02 7.365654101135891453e-03 3.562299346388542198e-04 3.091879511188514330e-03
3.600571862066740542e-02 5.480115125262736628e-03 2.994317458716671773e-04 3.138144283575838855e-03
3.654359338027766968e-02 3.885661727903748450e-03 2.485012386126722486e-04 3.185109314409179885e-03
3.708959603397778138e-02 3.014185800897893966e-03 2.106240895572725083e-04 3.232785188308615401e-03
3.764384802171461680e-02 1.944624788382468298e-03 1.648283371096261312e-04 3.281182655415242587e-03
3.820647261822192331e-02 1.597851963314154099e-03 1.473461591807554859e-04 3.330312634152368407e-03
3.877759496043862997e-02 1.541772217806952226e-03 1.439592247670553455e-04 3.380186214042011413e-03
3.935734207534138246e-02 1.972470684181536552e-03 1.626010651647183858e-04 3.430814658578178883e-03
3.994584290819744310e-02 2.388844245277500344e-03 1.765959452750741300e-04 3.482209408158471430e-03
4.054322835124417324e-02 2.736999352348256850e-03 1.873347769197107409e-04 3.534382083075522998e-03
4.114963127280174549e-02 3.263674265475169020e-03 1.953972665698958631e-04 3.587344486570007065e-03
4.176518654682511572e-02 4.093015478567627562e-03 2.164498622571022943e-04 3.641108607946779829e-03
4.239003108290233246e-02 3.949366358795715522e-03 2.114766802327323306e-04 3.695686625756026966e-03
4.302430385670533847e-02 3.743009062030676869e-03 2.067459963156078554e-04 3.751090911041124812e-03
4.366814594090059204e-02 3.612341128996571053e-03 1.983481913518513214e-04 3.807334030655162762e-03
4.432170053652586400e-02 3.053788649525839786e-03 1.787111293398700490e-04 3.864428750648054179e-03
4.498511300484053788e-02 2.752745614052315958e-03 1.687373390454686148e-04 3.922388039726248075e-03
4.565853089965628969e-02 2.146823966082207248e-03 1.486783648559949871e-04 3.981225072787127582e-03
4.634210400015555120e-02 1.480581097739768880e-03 1.175828825046360053e-04 4.040953234530303070e-03
4.703598434420484115e-02 1.132932601667287946e-03 1.012375211209420189e-04 4.101586123148012568e-03
4.774032626217044467e-02 9.467640316553401370e-04 9.292984129301592826e-05 4.163137554096972212e-03
4.845528641124408065e-02 6.374907440722073822e-04 7.534472618196292617e-05 4.225621563954147855e-03
4.918102381028599535e-02 8.327664274797156631e-04 8.748398471980454723e-05 4.289052414358871662e-03
4.991769987519336510e-02 7.600189841782264370e-04 8.230216059855683178e-05 4.353444596044013341e-03
5.066547845480188356e-02 1.010466244127883502e-03 9.417629330273057391e-05 4.418812832958859266e-03
5.142452586732843001e-02 9.589918059952756962e-04 8.891501541857826409e-05 4.485172086486514942e-03
5.219501093736289565e-02 1.256761862880071768e-03 1.022022729302137162e-04 4.552537559758773784e-03
5.297710503341764021e-02 1.247636527802012049e-03 1.044831871376612520e-04 4.620924702071480157e-03
5.377098210604261408e-02 1.073885191226350410e-03 9.440794414702482281e-05 4.690349213403526528e-03
5.457681872651481969e-02 1.405453494061972624e-03 1.071299050326495822e-04 4.760827049042778113e-03
5.539479412611067466e-02 1.179179020334642208e-03 9.858920180742464039e-05 4.832374424322298176e-03
5.622509023596998501e-02 8.403152797544517077e-04 8.579739470841672689e-05 4.905007819470439713e-03
5.706789172756038947e-02 6.196516668714805972e-04 7.297905145743497279e-05 4.978743984578455975e-03
5.792338605375137173e-02 4.999167405928830153e-04 6.438107186172575011e-05 5.053599944689443624e-03
5.879176349050684036e-02 4.291669107807218140e-04 5.840383254396234861e-05 5.129593005012602312e-03
5.967321717920560237e-02 3.401909678654181624e-04 5.315005752780502707e-05 5.206740756266912441e-03
6.056794316959918101e-02 3.433895132685730852e-04 5.620518781289108164e-05 5.285061080158536678e-03
6.147614046341656063e-02 3.725181649836007964e-04 5.831276539937522085e-05 5.364572154996386129e-03
6.239801105862528147e-02 3.273516175188411056e-04 5.294524395573521310e-05 5.445292461450496752e-03
6.333375999435927883e-02 5.586419540223344594e-04 7.063589159828647008e-05 5.527240788458029873e-03
6.428359539652285515e-02 6.757312013011298980e-04 7.930115221781806737e-05 5.610436239281908419e-03
6.524772852408135260e-02 4.712663376847577848e-04 6.481867731037543043e-05 5.694898237727299972e-03
6.622637381604848383e-02 4.590966791936776283e-04 6.377708343814316371e-05 5.780646534521360728e-03
6.721974893918125638e-02 3.892556728774163553e-04 5.985525552198093624e-05 5.867701213861920700e-03
6.822807483639252435e-02 2.438161559911896357e-04 4.815733025278999264e-05 5.956082700140911089e-03
6.925157577589230451e-02 1.493377327896225576e-04 3.853338946800005817e-05 6.045811764848684280e-03
7.029047940106879222e-02 2.065306803991230459e-04 4.812378780864772415e-05 6.136909533665596377e-03
7.134501678111994372e-02 1.960318486851127945e-04 4.772282705403314352e-05 6.229397493747387826e-03
7.241542246244696279e-02 1.219140585033049145e-04 3.656675384433874727e-05 6.323297501211318401e-03
7.350193452082144641e-02 2.948326920124457449e-04 5.887476319492506935e-05 6.418631788830167148e-03
7.460479461433718040e-02 2.714553011233101338e-04 5.729665089957066017e-05 6.515422973941571369e-03
7.572424803715896435e-02 1.896450000853932855e-04 4.665644267664330249e-05 6.613694066580426759e-03
7.686054377407999794e-02 2.830021451852944765e-04 5.889597215791419208e-05 6.713468477842462860e-03
7.801393455590018011e-02 1.580720914635220728e-04 4.442010684751845456e-05 6.814770028487333528e-03
7.918467691563765842e-02 9.889288806649520710e-05 3.577897541539605932e-05 6.917622957790046066e-03
8.037303124558591028e-02 9.899715222469992798e-05 3.439500211833335959e-05 7.022051932649715777e-03
8.157926185522923479e-02 1.113294415461287386e-04 3.693875108742859147e-05 7.128082056965254557e-03
8.280363703002957543e-02 1.147840367665323413e-04 3.946185751116544209e-05 7.235738881287731399e-03
8.404642909109763527e-02 1.082918687396734709e-04 3.687318823074065693e-05 7.345048412759763723e-03
8.530791445576146881e-02 1.037330919352489554e-04 3.710863631669919938e-05 7.456037125352542143e-03
8.658837369904621994e-02 7.555518027681217290e-05 2.881551641175868656e-05 7.568731970411714943e-03
8.788809161607873122e-02 1.065048641707599302e-04 3.601619497735583674e-05 7.683160387523627413e-03
8.920735728543055520e-02 6.603900994226014564e-05 3.037934630047747550e-05 7.799350315714016595e-03
9.054646413341374545e-02 5.010946559543496588e-05 2.649917274920613949e-05 7.917330204991704368e-03
9.190570999934379037e-02 7.196010015878513753e-05 3.373149435655527071e-05 8.037129028250383431e-03
9.328539720178384564e-02 5.822207401196640884e-05 3.056189175892026186e-05 8.158776293542065183e-03
9.468583260578539162e-02 1.182817824731969690e-04 4.481908065950129387e-05 8.282302056736374346e-03
9.610732769114006813e-02 4.905115693180373546e-05 2.678039235497791507e-05 8.407736934580453680e-03
9.755019862165781319e-02 5.745352518699376810e-05 2.636404481710278127e-05 8.535112118174805959e-03
9.901476631548698781e-02 1.127428263249548443e-04 4.479791276611611982e-05 8.664459386881087286e-03
1.005013565164917244e-01 4.187698155313440229e-05 2.724298804927274381e-05 8.795811122678427046e-03
1.020102998667027777e-01 6.340698104362960249e-05 3.535649752269035505e-05 8.929200324985692855e-03
1.035419319798577681e-01 2.119271580423229341e-05 2.012348253869358328e-05 9.064660625967637525e-03
1.050965935160469850e-01 4.798483321820639914e-05 3.394504223553902153e-05 9.202226306343758502e-03
1.066746302574820560e-01 5.592429017003883705e-05 3.230820812046755194e-05 9.341932311719342019e-03
1.082763931854032885e-01 3.515657710060925064e-05 1.886653926650343281e-05 9.483814269459113142e-03
1.099022385581439332e-01 9.354312614969328000e-05 4.861660584689945998e-05 9.627908506124532168e-03
1.115525279903676475e-01 3.333453649985109730e-06 3.334183119725005622e-06 9.774252065496867245e-03
1.132276285334977151e-01 5.420018377037888132e-05 3.835311885950642188e-05 9.922882727208906864e-03
1.149279127573550607e-01 2.433861454319691581e-05 1.990514016255583065e-05 1.007383902600912130e-02
1.166537588330242292e-01 1.574554477268062279e-05 1.574944562515650051e-05 1.022716027168320795e-02
