1.558639419875190897e-02 7.984697340090147755e-01 7.154963086484229795e-02 1.354686676040055011e-03
1.581328286047349596e-02 9.022899192724621598e-01 7.645712801652178314e-02 1.374537623180519235e-03
1.604368865379847756e-02 8.316739965622513830e-01 6.464255731073556555e-02 1.394694286077065391e-03
1.627766282482659074e-02 6.922413599541671347e-01 4.754914144115476166e-02 1.415161149966425846e-03
1.651525741332010924e-02 8.675415215032540317e-01 6.329172384215316083e-02 1.435942769549958427e-03
1.675652526427849273e-02 7.718699404882310988e-01 5.355096586152711252e-02 1.457043770026857261e-03
1.700152003969214107e-02 8.143503662306852409e-01 5.690989151573860177e-02 1.478468848144451299e-03
1.725029623047775670e-02 8.449088622380570568e-01 5.785272252751546412e-02 1.500222773265858520e-03
1.750290916859817067e-02 7.451072711141560889e-01 4.895032782855965325e-02 1.522310388455329561e-03
1.775941503936918908e-02 6.928190276802839165e-01 4.411714774896485086e-02 1.544736611581558729e-03
1.801987089395620453e-02 5.404583411586383335e-01 3.198566583402822489e-02 1.567506436439288766e-03
1.828433466206344157e-02 5.547875188643665023e-01 3.288409245258372415e-02 1.590624933889535266e-03
1.855286516481855635e-02 4.970190734674047595e-01 2.791962385742367478e-02 1.614097253018743862e-03
1.882552212785552209e-02 3.694273710481020268e-01 1.939800712491912549e-02 1.637928622317241876e-03
1.910236619459866961e-02 3.132653692322524552e-01 1.569883364544896048e-02 1.662124350877303191e-03
1.938345893975085971e-02 2.040872405298160275e-01 9.782583262724691905e-03 1.686689829611206235e-03
1.966886288298880583e-02 1.733799322699919598e-01 8.321426574593551381e-03 1.711630532489634860e-03
1.995864150286854113e-02 1.259800464028547617e-01 6.253754920987611085e-03 1.736952017800796801e-03
2.025285925094417322e-02 8.370621560419848339e-02 4.300976524323254710e-03 1.762659929430649601e-03
2.055158156610302836e-02 5.535236809468170593e-02 3.150598294369939996e-03 1.788759998164614340e-03
2.085487488912042206e-02 4.084881366774984618e-02 2.363043271797276093e-03 1.815258043011196100e-03
2.116280667743722019e-02 3.603117838810987461e-02 2.186848645391497974e-03 1.842159972547910375e-03
2.147544542016355598e-02 3.153059350132899480e-02 1.862450332629776890e-03 1.869471786289943899e-03
2.179286065331199548e-02 3.814877627428581164e-02 2.105890719075155341e-03 1.897199576081997014e-03
2.211512297526353754e-02 4.746257259406456291e-02 2.423527767095264018e-03 1.925349527513733460e-03
2.244230406246992826e-02 5.645690753907849080e-02 2.568755481422859300e-03 1.953927921359315065e-03
2.277447668539568995e-02 6.409013605677156555e-02 2.704770674013381570e-03 1.982941135041486457e-03
2.311171472470355953e-02 6.864958388392027044e-02 2.733086923988231869e-03 2.012395644120685331e-03
2.345409318768678503e-02 6.970436019126978466e-02 2.629583501993252095e-03 2.042298023809710830e-03
2.380168822495204103e-02 6.866802053763730596e-02 2.503633400048313820e-03 2.072654950514402159e-03
2.415457714735660608e-02 6.722031148185049487e-02 2.510600580138879628e-03 2.103473203400913101e-03
2.451283844320361477e-02 6.383249206239199891e-02 2.333816174337486563e-03 2.134759665990092030e-03
2.487655179569918037e-02 5.783527987091222067e-02 2.127374254743375284e-03 2.166521327779526423e-03
2.524579810067527699e-02 5.047987671120119507e-02 1.919187932844495376e-03 2.198765285893828671e-03
2.562065948458238165e-02 4.184480681388621365e-02 1.616973192667304918e-03 2.231498746763756463e-03
2.600121932275570660e-02 3.374812191883484053e-02 1.346841806241944831e-03 2.264729027834754948e-03
2.638756225795933774e-02 2.567809579101645867e-02 1.117059650313022073e-03 2.298463559305575533e-03
2.677977421921218237e-02 2.241755488523522813e-02 1.024544876147920336e-03 2.332709885897571098e-03
2.717794244090003877e-02 1.419940314465624638e-02 7.542684796972834102e-04 2.367475668655372786e-03
2.758215548217793703e-02 9.038168798230978782e-03 5.676898636758470054e-04 2.402768686779586764e-03
2.799250324666726839e-02 6.609363698470677173e-03 4.611324221460315126e-04 2.438596839492256432e-03
2.840907700245175541e-02 4.982893259506198172e-03 3.942855981590237470e-04 2.474968147935758395e-03
2.883196940237703343e-02 5.158679829145544973e-03 3.951948687054879401e-04 2.511890757105926259e-03
2.926127450465822177e-02 5.266988863007439174e-03 3.917766613625332990e-04 2.549372937820146030e-03
2.969708779380000538e-02 6.634384676502987424e-03 4.380234562680835947e-04 2.587423088721207617e-03
3.013950620183398002e-02 8.096334377563149318e-03 4.724973684726127185e-04 2.626049738317737768e-03
3.058862812987793098e-02 9.923023973419972665e-03 5.224771949476385768e-04 2.665261547062060515e-03
3.104455347002193014e-02 9.845782608227708621e-03 5.015088316410804469e-04 2.705067309466338207e-03
3.150738362754593180e-02 1.338250412298088408e-02 5.929983041903383540e-04 2.745475956257899079e-03
3.197722154347404366e-02 1.369285629719132341e-02 5.821768138709308314e-04 2.786496556574665114e-03
3.245417171747027457e-02 1.471431892480040519e-02 5.914906930680426979e-04 2.828138320201643852e-03
3.293834023108099807e-02 1.557812987442516207e-02 6.085793785246736707e-04 2.870410599849472066e-03
3.342983477132929759e-02 1.334100025837683771e-02 5.357095556729168494e-04 2.913322893476006595e-03
3.392876465466628660e-02 1.296910987099582878e-02 5.120645450347328497e-04 2.956884846652030070e-03
3.443524085128488871e-02 1.198057076791466703e-02 4.931393817508854293e-04 3.001106254972159618e-03
3.494937600980147635e-02 1.060633108754771223e-02 4.458987756695285726e-04 3.045997066512061424e-03
3.547128448231078729e-02 7.916106984308777725e-03 3.681639285787429968e-04 3.091567384333151168e-03
3.600108234981969080e-02 6.191392319209784029e-03 3.197015349539217440e-04 3.137827469035966033e-03
3.653888744806554206e-02 4.726733275453358363e-03 2.760244523456044266e-04 3.184787741363438642e-03
3.708481939372477998e-02 3.641135729884659861e-03 2.306676013848387569e-04 3.232458784855379592e-03
3.763899961101766639e-02 2.478324307988812904e-03 1.861184069201672760e-04 3.280851348555468769e-03
3.820155135871503710e-02 1.408062329498713326e-03 1.376478436982200577e-04 3.329976349772140187e-03
3.877259975755301125e-02 1.738376220889755299e-03 1.532085898165143150e-04 3.379844876894766773e-03
3.935227181806205676e-02 1.740450095666802545e-03 1.523718430056541563e-04 3.430468192266640862e-03
3.994069646881606706e-02 2.326858485425496465e-03 1.742352477004425559e-04 3.481857735116231870e-03
4.053800458510829763e-02 2.319947027824736593e-03 1.710067301632702008e-04 3.534025124548315772e-03
4.114432901806015092e-02 2.863062947409413059e-03 1.808366381653344886e-04 3.586982162596631316e-03
4.175980462416944983e-02 3.527995914339472541e-03 1.982904860595529858e-04 3.640740837339685385e-03
4.238456829530476422e-02 3.750380069505919456e-03 2.055353970717597664e-04 3.695313326081537189e-03
4.301875898915237528e-02 3.555406211863620068e-03 2.007867755549753823e-04 3.750711998599309035e-03
4.366251776012280983e-02 3.654879079276207761e-03 1.990279913928546412e-04 3.806949420459327955e-03
4.431598779072360578e-02 3.547874969679806409e-03 1.936292644398152996e-04 3.864038356403865383e-03
4.497931442340549757e-02 3.110866378976797752e-03 1.801119853368086433e-04 3.921991773810450284e-03
4.565264519288890488e-02 2.825699180305845867e-03 1.723559112534194958e-04 3.980822846225883817e-03
4.633612985897816311e-02 2.020461152660947557e-03 1.382265982311668619e-04 4.040544956977113085e-03
4.702992043987051091e-02 1.535707063142432343e-03 1.170065379701466313e-04 4.101171702861219556e-03
4.773417124596748135e-02 9.903313444912284057e-04 9.379376929667208862e-05 4.162716897916845377e-03
4.844903891419596181e-02 8.925321266950723195e-04 9.096988909943570605e-05 4.225194577279514814e-03
4.917468244284697865e-02 7.171419258027847193e-04 8.124757243292311457e-05 4.288619001123315441e-03
4.991126322693938133e-02 5.880239267360667021e-04 7.348269586808572754e-05 4.353004658691600991e-03
5.065894509411686397e-02 7.661216425890613130e-04 8.230731025835283268e-05 4.418366272419399499e-03
5.141789434108585272e-02 8.832974254574316652e-04 8.675586323405858080e-05 4.484718802150328316e-03
5.218827977060263440e-02 9.901102775450336055e-04 9.046321042097321197e-05 4.552077449450971959e-03
5.297027272901785183e-02 1.149943932593502915e-03 9.969926249759818399e-05 4.620457662025727330e-03
5.376404714438681731e-02 1.271809961951503526e-03 1.037125774532223231e-04 4.689875138235283930e-03
5.456977956515384615e-02 1.305949940109949348e-03 1.040915832723867188e-04 4.760345831722006399e-03
5.538764919941965847e-02 1.079928986511232477e-03 9.484856591147106965e-05 4.831885956145609042e-03
5.621783795480010670e-02 1.046900069060107590e-03 9.496952754083923742e-05 4.904511990032682858e-03
5.706053047888544338e-02 1.026211796193819605e-03 9.414789083619629192e-05 4.978240681743715396e-03
5.791591420030896969e-02 5.246847404924066295e-04 6.620445131193158418e-05 5.053089054561442361e-03
5.878417937043430713e-02 5.459666105073187952e-04 6.797648893860901576e-05 5.129074411904493980e-03
5.966551910567031991e-02 4.187126431836790718e-04 6.003661802149843111e-05 5.206214342670435237e-03
6.056012943042338864e-02 3.504313664718464194e-04 5.696784451480569413e-05 5.284526726712511675e-03
6.146820932069656934e-02 3.229742055304051559e-04 5.388606337199098960e-05 5.364029740454561573e-03
6.238996074834495670e-02 3.324918026333962954e-04 5.416245219590642577e-05 5.444741862648694135e-03
6.332558872599763911e-02 2.895638644580620508e-04 4.918448205108499807e-05 5.526681880280580501e-03
6.427530135265588362e-02 5.302178857605687693e-04 6.981106885583257494e-05 5.609868894627374411e-03
6.523930985997770937e-02 5.837851905552951439e-04 7.402612590912511180e-05 5.694322327473420702e-03
6.621782865925926465e-02 5.459691044100427760e-04 7.127039560471321370e-05 5.780061927489262008e-03
6.721107538912354795e-02 3.200741804909426657e-04 5.261588652679479486e-05 5.867107776779499108e-03
6.821927096392657597e-02 3.859329398811344727e-04 6.182101008397483677e-05 5.955480297605408174e-03
6.924263962289259333e-02 2.946728200205222972e-04 5.594011443421045593e-05 6.045200259288432444e-03
7.028140897998838565e-02 1.767820962184624264e-04 4.394139950924876064e-05 6.136288785300870498e-03
7.133581007454847800e-02 1.944860991765589816e-04 4.880501029053859450e-05 6.228767360550375651e-03
7.240607742266198799e-02 2.954768027267272402e-04 5.866711635366649442e-05 6.322657838865176731e-03
7.349244906933295740e-02 1.804194734677573456e-04 4.315680277685648308e-05 6.417982450687108320e-03
7.459516664142523679e-02 2.058788867350085778e-04 5.031242581481559984e-05 6.514763810979967880e-03
7.571447540140457955e-02 3.230726600208034594e-04 6.308328311018661274e-05 6.613024927360919292e-03
7.685062430188875637e-02 1.964700443001570157e-04 4.802833647259552844e-05 6.712789208463009263e-03
7.800386604101887389e-02 1.798275667237456750e-04 4.596012250219796801e-05 6.814080472537187468e-03
7.917445711866352709e-02 1.446422109938821714e-04 4.224019946864717492e-05 6.916922956302620253e-03
8.036265789346855315e-02 1.260698088850058262e-04 4.209068468524420243e-05 7.021341324054288131e-03
8.156873264076514030e-02 1.242025944502495646e-04 4.147011120208571485e-05 7.127360677037505171e-03
8.279294961134880948e-02 9.824033093915004761e-05 3.632927542685928193e-05 7.235006563099036572e-03
8.403558109114309116e-02 1.026208576119506564e-04 3.497325956558488554e-05 7.344304986625235787e-03
8.529690346176012350e-02 1.001060164228767643e-04 3.512845718643108084e-05 7.455282418777758706e-03
8.657719726197250776e-02 2.839990738204552513e-05 1.689339676309716158e-05 7.567965808038092448e-03
8.787674725010982679e-02 1.054605681106635166e-04 3.813669289815251902e-05 7.682382591072407785e-03
8.919584246739351019e-02 1.343787287667189752e-04 4.348148527265027595e-05 7.798560703928799319e-03
9.053477630222424299e-02 1.360655854220781027e-04 4.366248990786019318e-05 7.916528593579491915e-03
9.189384655543660074e-02 7.931671215750977306e-05 3.400911982515293224e-05 8.036315229821084510e-03
9.327335550653455265e-02 5.624541909717046829e-05 3.047631319776091281e-05 8.157950117546393376e-03
9.467360998092359814e-02 6.229028240600442625e-05 2.926247079132049801e-05 8.281463309402107426e-03
9.609492141815360877e-02 7.624746712461987256e-05 3.090827303244347233e-05 8.406885418846970354e-03
9.753760594118821015e-02 6.718547632437115542e-05 2.968763256894231116e-05 8.534247633625861862e-03
9.900198442671569177e-02 6.587330449753750646e-05 3.111128698540137279e-05 8.663581729675766049e-03
1.004883825765171129e-01 7.863225820876569084e-05 3.594990999683042322e-05 8.794920085480179700e-03
1.019971309899079248e-01 5.648536369057383756e-05 3.280848042988054522e-05 8.928295696889436070e-03
1.035285652372685966e-01 2.345102546467061765e-05 2.291850929143997344e-05 9.063742192424806624e-03
1.050830259346808293e-01 8.997713299097285795e-05 4.505960545839210490e-05 9.201293849085261448e-03
1.066608588196863855e-01 3.297179746801522766e-05 2.555148104156699222e-05 9.340985608676327656e-03
1.082624148281846055e-01 2.935725272125541181e-05 2.076684013868923968e-05 9.482853094681505113e-03
1.098880501724864428e-01 5.114446690093835270e-05 3.203258664824620410e-05 9.626932629697193197e-03
1.115381264205417972e-01 3.330307324958186541e-06 3.331036101207374781e-06 9.773261253453362565e-03
1.132130105763582695e-01 5.414902619851303073e-05 3.831691863858605523e-05 9.921876741442743619e-03
1.149130751616287555e-01 3.924738749745960807e-05 3.453495667587463963e-05 1.007281762418240148e-02
1.166386982985864740e-01 8.974314426005289950e-06 8.976537738456131309e-06 1.022612320713255432e-02
