9.682805460965095146e-03 9.724937973743225106e-01 7.294276838618411751e-02 8.250472280010523679e-04
9.961244436646640027e-03 9.686102011193334915e-01 5.663702183997473133e-02 8.489330319427843127e-04
1.024854683942486890e-02 1.113068087103634252e+00 6.077157632921958291e-02 8.735735451310714609e-04
1.054496830889368846e-02 9.169928318429839686e-01 4.261160712610565643e-02 8.989906283103785622e-04
1.085077259855657394e-02 9.782152307454663465e-01 4.303470836589159965e-02 9.252068323094509925e-04
1.116623181063812822e-02 1.010658806928059317e+00 4.114457759814781762e-02 9.522454179341772844e-04
1.149162663868229066e-02 9.969349033879528754e-01 3.478284660547766721e-02 9.801303765267269617e-04
1.182724661640638733e-02 9.534094936165873335e-01 2.765853100223993749e-02 1.008886451081066450e-03
1.217339037529653265e-02 9.981486482488735046e-01 2.606480602058678861e-02 1.038539158100366564e-03
1.253036591211092142e-02 1.104742741098335923e+00 2.664420763632116551e-02 1.069114810284932165e-03
1.289849086057463963e-02 9.867252585344494786e-01 2.010112386123989042e-02 1.100640539633787043e-03
1.327809277547441907e-02 1.088116547742472573e+00 2.097942616724990383e-02 1.133144321566587585e-03
1.366950942312810009e-02 1.023001044688534478e+00 1.781017428779349196e-02 1.166654999626732560e-03
1.407308908352795929e-02 8.429962772518447833e-01 1.364439697191123513e-02 1.201202311158947305e-03
1.448919085798390689e-02 5.675465404836766981e-01 8.719603414369126934e-03 1.236816913512089498e-03
1.491818499053013114e-02 3.147172215406832119e-01 4.656673635489768509e-03 1.273530411378623372e-03
1.536045319638506060e-02 1.319505820398378659e-01 2.031505845639579484e-03 1.311375384782840397e-03
1.581638900325654101e-02 6.596659654472128431e-02 1.115906181691237635e-03 1.350385418148329500e-03
1.628639809746066508e-02 5.374631319067130208e-02 9.140845006647979349e-04 1.390595129860796274e-03
1.677089869098583388e-02 4.440573537619155187e-02 7.629700992379611323e-04 1.432040203516270552e-03
1.727032188703355592e-02 3.739058117797428027e-02 6.341180976559645079e-04 1.474757419212166434e-03
1.778511206961519778e-02 3.047014068915231827e-02 5.246843552782539527e-04 1.518784686765418425e-03
1.831572729192753810e-02 2.623640217405256297e-02 4.568033042189391401e-04 1.564161079010342216e-03
1.886263969473976967e-02 2.132506545353021060e-02 3.782689324986975260e-04 1.610926867475942796e-03
1.942633591340383811e-02 1.998734617113794368e-02 3.531180749618405301e-04 1.659123557414874436e-03
2.000731752188400145e-02 1.630805537797981250e-02 2.979494277452582568e-04 1.708793925744012164e-03
2.060610147040753057e-02 1.449635777891697397e-02 2.622461243561231598e-04 1.759982058723081081e-03
2.122322055383438558e-02 1.199773018135544961e-02 2.232525630924299799e-04 1.812733392103573100e-03
2.185922388108959766e-02 1.032477933799572957e-02 1.947433583864703914e-04 1.867094751584573572e-03
2.251467735697345804e-02 8.912118491357369846e-03 1.710014231928528292e-04 1.923114394418458471e-03
2.319016420524091029e-02 7.663738633923196722e-03 1.514298389201383980e-04 1.980842054298589082e-03
2.388628546381648191e-02 6.593947699670092873e-03 1.333838461091639538e-04 2.040328984474863716e-03
2.460366053720949506e-02 5.867722456448244348e-03 1.199932457963602631e-04 2.101628005350663405e-03
2.534292773949097660e-02 4.811034646085739219e-03 1.041079965545658765e-04 2.164793551692740462e-03
2.610474486598542490e-02 4.121890590668642919e-03 9.304906013861191432e-05 2.229881722270523736e-03
2.688978977407249088e-02 3.591666341905413572e-03 8.349090642367854856e-05 2.296950330508374435e-03
2.769876098509423817e-02 3.088441133583457593e-03 7.457328788908069018e-05 2.366058957052730779e-03
2.853237832039724753e-02 2.734393784539380402e-03 6.931329765375315876e-05 2.437269005233374218e-03
2.939138352589763803e-02 2.298195684841350568e-03 6.241892626822464888e-05 2.510643756102611847e-03
3.027654093802019386e-02 1.948100941725818122e-03 5.583602648587464263e-05 2.586248426954952488e-03
3.118863815708865575e-02 1.657516613467858481e-03 5.040534494971363237e-05 2.664150230872576377e-03
3.212848676617989507e-02 1.454187633031801905e-03 4.597668747968068815e-05 2.744418440116466046e-03
3.309692301793424468e-02 1.226260177605287098e-03 4.152158792809779853e-05 2.827124447721396285e-03
3.409480864973508246e-02 1.023435000561585123e-03 3.807924958247722945e-05 2.912341839088884894e-03
3.512303154641061714e-02 9.532063394325528734e-04 3.604898193998127556e-05 3.000146453045896347e-03
3.618250661731260004e-02 7.673347958013318915e-04 3.236564981884485084e-05 3.090616459295525247e-03
3.727417658148705210e-02 6.561341967483362136e-04 3.046693759574978737e-05 3.183832429872418199e-03
3.839901279096636505e-02 5.773605118838081966e-04 2.918561352790871661e-05 3.279877414187776577e-03
3.955801611277949548e-02 4.306621761765434646e-04 2.497873858234140150e-05 3.378837019235124330e-03
4.075221783200385500e-02 4.280354187438536150e-04 2.506791957847834558e-05 3.480799492265424303e-03
4.166529628462428692e-02 3.544317643619062839e-04 4.489973300444887117e-05 3.567257316991064367e-03
4.291211560026662181e-02 2.813534093653309955e-04 2.900177424091336117e-05 3.674294842781990721e-03
4.419711773508593761e-02 2.394394329620414452e-04 2.210958235615140458e-05 3.784616008366970073e-03
4.552144607470676174e-02 2.494667932216694463e-04 2.039957433796925882e-05 3.898320456607967839e-03
4.688627899661308718e-02 2.037814148099998995e-04 1.576582304441899083e-05 4.015510989365064613e-03
4.829283091879355699e-02 1.648312480009007615e-04 1.288910668942980230e-05 4.136293673377889127e-03
4.974235338081173935e-02 1.416664604563000235e-04 1.059950320520971222e-05 4.260777950462510226e-03
5.123613615651999298e-02 1.419791151280746665e-04 1.018222410485477725e-05 4.389076752125205434e-03
5.277550840166715662e-02 9.506163077853287114e-05 7.177167799066714275e-06 4.521306619002810057e-03
5.436183983835659456e-02 7.520819406147705459e-05 5.619629837635794021e-06 4.657587825460481577e-03
5.599654197146561319e-02 6.486389259924247664e-05 4.846362884535768165e-06 4.798044509194770123e-03
5.768106934605993219e-02 4.925538118218668771e-05 4.116554950076185487e-06 4.942804806724604080e-03
5.941692084065644530e-02 4.326400825126745136e-05 3.402506766101105890e-06 5.092000994637568660e-03
6.120564100251567330e-02 3.794043191600816656e-05 3.167471366602538428e-06 5.245769637307750796e-03
6.304882141972187326e-02 3.561069624111139464e-05 2.633918102397715970e-06 5.404251740991377305e-03
6.494810213924617770e-02 2.417186454386699031e-05 2.256012683520292987e-06 5.567592915286154708e-03
6.690517312527163862e-02 2.039014686774333207e-05 1.985672752420496956e-06 5.735943541880003833e-03
6.892177576456741395e-02 1.928786316881237980e-05 1.840724049866509734e-06 5.909458951458557152e-03
7.099970441193148574e-02 1.520787188951153220e-05 1.571305797506326709e-06 6.088299608669659954e-03
7.314080799287143997e-02 1.306306667831381042e-05 1.421905025686900956e-06 6.272631306842802769e-03
7.534699164219679779e-02 1.244369738903471874e-05 1.341075539777350782e-06 6.462625371390950599e-03
7.762021840518752713e-02 1.298876023087234398e-05 1.257471840609522104e-06 6.658458874369899312e-03
7.996251097727669066e-02 1.174784877701179727e-05 1.174631421636487976e-06 6.860314859013740517e-03
8.237595351462456694e-02 1.147522413465798317e-05 1.041324349254242031e-06 7.068382577238853728e-03
8.486269347551272935e-02 1.173264278397449191e-05 1.019743232113719542e-06 7.282857737873045002e-03
8.742494354214069840e-02 1.040647049877619531e-05 9.383385139323294059e-07 7.503942769977837990e-03
9.006498358082394573e-02 9.120020208962530510e-06 8.883955744022624843e-07 7.731847099007374373e-03
9.278516267897678194e-02 1.119366591992152675e-05 8.857304080347460610e-07 7.966787439494280726e-03
9.558790123067664735e-02 1.158488676209986421e-05 8.225459268918028822e-07 8.208988103165806155e-03
9.847569308354148232e-02 1.117106370332341054e-05 7.647582181403846149e-07 8.458681324471029050e-03
1.014511077772409370e-01 1.065995888760130874e-05 7.387247767866550628e-07 8.716107606882454728e-03
1.045167928061635498e-01 1.238431369316363890e-05 7.613834581784990146e-07 8.981516086282401515e-03
1.076754759927196076e-01 1.111784310602964951e-05 7.039800044848983532e-07 9.255164919118385319e-03
1.109299679063865118e-01 9.530454753947689407e-06 6.528883336770695988e-07 9.537321692058215936e-03
1.142831643682485077e-01 1.086253214235062642e-05 6.488355388902776773e-07 9.828263857662458691e-03
1.177380490231842436e-01 1.004051320862678860e-05 6.116368162405067804e-07 1.012827919651923363e-02
1.212976959934465998e-01 9.885230585335946939e-06 6.073977685549947832e-07 1.043766630875286351e-02
1.249652726284683768e-01 1.117848459021986688e-05 5.962479555440145357e-07 1.075673513806754689e-02
1.287440423072468698e-01 1.087634507753291617e-05 5.963110866820222399e-07 1.108580752737991365e-02
1.326373673480004678e-01 1.048842085177220073e-05 5.747727065395763723e-07 1.142521781250003567e-02
1.366487119932340011e-01 9.813633164706685484e-06 5.531915440395973955e-07 1.177531345418757550e-02
1.407816455102129660e-01 1.029761971716591485e-05 5.519141149461337024e-07 1.213645571441368358e-02
1.450398453316045499e-01 9.265764909684960765e-06 5.419476290494968277e-07 1.250902037444301049e-02
1.494271003985826185e-01 7.975181051636708184e-06 5.132487333467384194e-07 1.289339851007597314e-02
1.539473144283252104e-01 8.636274430611409137e-06 5.088345593247926710e-07 1.328999730730766674e-02
1.586045094743931405e-01 8.186287757157856694e-06 5.050090071480429278e-07 1.369924094951678606e-02
1.634028294766655398e-01 6.572892292019114767e-06 4.940135304067952043e-07 1.412157155823301827e-02
1.683465439330807112e-01 7.223519609870133909e-06 5.066810966147241957e-07 1.455745020192030642e-02
1.734400517162751620e-01 6.771916500313461108e-06 5.025560947277202442e-07 1.500735797959453985e-02
1.786878850001297758e-01 6.478679227401685513e-06 5.013555737567379306e-07 1.547179718223296030e-02
1.840947132394415708e-01 5.372354325251569447e-06 4.790934266714659641e-07 1.595129253375466780e-02
1.896653474095307268e-01 6.186537657450435702e-06 5.113828868930082585e-07 1.644639253332777148e-02
1.954047441909903537e-01 5.575737051146602425e-06 5.146727915099818105e-07 1.695767088271763270e-02
2.013180104865104347e-01 5.279661140018260014e-06 5.118831979561032144e-07 1.748572803484977137e-02
2.074104078426383391e-01 4.605944969830581226e-06 5.395050624871618138e-07 1.803119284009210843e-02
2.136873572199226301e-01 3.365613079490878593e-06 5.133849629377821601e-07 1.859472433189500104e-02
2.201544437838295898e-01 4.637652518279594990e-06 5.054971851204829453e-07 1.917701363695556785e-02
2.268174218810340426e-01 3.921599630377600933e-06 4.746089979287757037e-07 1.977878603228009138e-02
2.336822202739007592e-01 4.694575811883019505e-06 5.163095397201689227e-07 2.040080316554578749e-02
2.407549470927146384e-01 3.254866830427072441e-06 4.846826752004628791e-07 2.104386541012984863e-02
2.480418956480271442e-01 3.461079960175959588e-06 5.238647805168431019e-07 2.170881445270675392e-02
2.555495497646306235e-01 3.237863834851030779e-06 4.963729068304361807e-07 2.239653602695822199e-02
2.632845896725439228e-01 2.708891567515519524e-06 5.680276054479934816e-07 2.310796288520615763e-02
2.712538980289248558e-01 2.222498072845323738e-06 5.532762736426106196e-07 2.384407799164848032e-02
2.794645658150741729e-01 2.619557384461698892e-06 5.692755315361815578e-07 2.460591793432838001e-02
2.879238988182834524e-01 3.032421456481583420e-06 5.919500126266664673e-07 2.539457662686394820e-02
2.966394241127141007e-01 3.622507305281833029e-06 6.361078277357597661e-07 2.621120927464708206e-02
3.056188965397906854e-01 2.587260232659541717e-06 6.395872680198905184e-07 2.705703662525472952e-02
3.148703061557132643e-01 1.955317484206373695e-06 6.732139062717277580e-07 2.793334959783730712e-02
